1651 2 2000 1 512 0
-2355
-6740
298
-7139
2898
-6527
5098
-4993
6572
-2768
7135
-147
6688
2485
5305
4781
3175
6391
598
7112
-2067
6836
-4424
5593
-6181
3563
-7062
1040
-6953
-1635
-5861
-4078
-3948
-5948
-1476
-6982
1200
-7040
3704
-6104
5696
-4316
6878
-1911
7104
756
6318
3319
4657
5413
2341
6745
-313
7135
-2919
6520
-5110
4981
-6582
2751
-7138
126
-6684
-2505
-5294
-4795
-3161
-6404
-576
-7112
2084
-6822
4454
-5584
6195
-3548
7067
-1021
6951
1654
5847
4098
3934
5964
1456
6990
-1224
7028
-3727
6089
-5705
4292
-6880
1889
-7093
-781
-6310
-3337
-4641
-5430
-2314
-6752
340
-7131
2934
-6505
5129
-4969
6603
-2726
7148
-103
6676
2519
5285
4804
3137
6410
558
7121
-2108
6823
-4466
5571
-6205
3531
-7073
997
-6941
-1675
-5834
-4116
-3913
-5974
-1437
-6995
1237
-7037
3742
-6083
5718
-4275
6887
-1868
7094
799
6298
3356
4623
5437
2298
6764
-354
7132
-2953
6497
-5142
4954
-6602
2712
-7141
86
-6673
-2550
-5268
-4828
-3122
-6420
-532
-7119
2128
-6813
4491
-5560
6223
-3512
7071
-983
6932
1691
5824
4124
3895
5988
1419
6993
-1257
7019
-3753
6072
-5728
4266
-6895
1855
-7084
-814
-6284
-3374
-4608
-5445
-2283
-6763
367
-7127
2971
-6494
5144
-4942
6609
-2700
7136
-75
6666
2555
5260
4828
3106
6425
524
7118
-2139
6813
-4494
5548
-6227
3499
-7072
968
-6928
-1706
-5812
-4142
-3877
-5994
-1401
-7005
1283
-7023
3772
-6058
5738
-4249
6901
-1837
7090
836
6286
3387
4592
5463
2259
6775
-394
7124
-2997
6486
-5172
4920
-6616
2670
-7137
46
-6653
-2585
-5237
-4852
-3078
-6440
-492
-7119
2170
-6804
4517
-5527
6242
-3477
7078
-938
6928
1739
5795
4161
3864
6008
1377
7005
-1302
7023
-3792
6049
-5753
4227
-6907
1813
-7086
-860
-6278
-3410
-4574
-5482
-2247
-6782
420
-7127
3009
-6476
5186
-4907
6625
-2659
7138
-30
6653
2598
5222
4860
3064
6449
472
7120
-2185
6792
-4529
5515
-6247
3463
-7076
923
-6925
-1758
-5784
-4174
-3847
-6019
-1360
-7007
1314
-7016
3803
-6041
5765
-4216
6907
-1801
7082
879
6270
3416
4568
5488
2229
6784
-430
7126
-3021
6468
-5194
4892
-6625
2641
-7141
13
-6645
-2615
-5213
-4880
-3054
-6456
-455
-7128
2199
-6798
4539
-5503
6252
-3447
7080
-903
6922
1771
5775
4193
3833
6029
1337
7010
-1337
7012
-3827
6029
-5778
4198
-6918
1772
-7085
-902
-6255
-3442
-4548
-5503
-2204
-6793
458
-7125
3045
-6456
5216
-4880
6639
-2621
7141
8
6637
2634
5192
4895
3025
6467
433
7121
-2219
6782
-4563
5490
-6259
3422
-7083
873
-6907
-1790
-5763
-4215
-3810
-6039
-1315
-7023
1356
-7015
3843
-6012
5783
-4178
6920
-1753
7079
917
6244
3462
4534
5517
2184
6794
-472
7126
-3066
6443
-5225
4870
-6644
2605
-7141
-26
-6626
-2648
-5183
-4909
-3006
-6470
-416
-7127
2235
-6780
4576
-5485
6270
-3416
7082
-860
6906
1808
5756
4229
3793
6044
1299
7018
-1371
7006
-3863
6000
-5796
4161
-6927
1733
-7076
-939
-6239
-3483
-4518
-5527
-2165
-6800
493
-7119
3080
-6437
5237
-4862
6651
-2583
7137
42
6615
2669
5171
4919
2991
6480
399
7133
-2255
6775
-4589
5470
-6281
3391
-7093
843
-6900
-1831
-5751
-4248
-3782
-6059
-1284
-7024
1392
-7002
3875
-6004
5805
-4155
6936
-1711
7088
958
6227
3486
4509
5539
2149
6809
-509
7120
-3098
6432
-5248
4836
-6663
2570
-7139
-66
-6612
-2691
-5155
-4931
-2974
-6491
-381
-7131
2273
-6769
4601
-5456
6286
-3377
7090
-827
6898
1849
5740
4254
3762
6064
1266
7025
-1411
6995
-3887
5989
-5822
4127
-6936
1700
-7076
-975
-6218
-3508
-4484
-5551
-2130
-6815
533
-7120
3118
-6422
5267
-4822
6671
-2548
7136
87
6601
2713
5134
4952
2954
6503
360
7131
-2295
6758
-4614
5445
-6305
3358
-7092
804
-6893
-1867
-5717
-4268
-3744
-6079
-1251
-7031
1428
-6993
3903
-5974
5833
-4116
6936
-1683
7072
992
6210
3519
4471
5562
2112
6820
-553
7114
-3135
6416
-5276
4807
-6679
2531
-7138
-107
-6599
-2728
-5128
-4969
-2943
-6509
-337
-7132
2311
-6761
4634
-5428
6312
-3346
7094
-784
6888
1886
5708
4289
3733
6094
1225
7030
-1458
6990
-3922
5964
-5846
4102
-6947
1661
-7068
-1015
-6198
-3542
-4456
-5580
-2091
-6826
573
-7117
3151
-6410
5287
-4800
6680
-2511
7137
125
6590
2746
5115
4982
2928
6516
316
7130
-2327
6749
-4647
5410
-6317
3322
-7099
755
-6877
-1903
-5690
-4307
-3712
-6104
-1206
-7039
1473
-6989
3944
-5959
5861
-4085
6947
-1637
7064
1037
6188
3564
4441
5592
2068
6831
-592
7116
-3167
6398
-5303
4781
-6693
2496
-7140
-150
-6580
-2768
-5099
-4996
-2906
-6521
-295
-7135
2347
-6741
4667
-5396
6329
-3301
7102
-736
6878
1927
5681
4323
3691
6111
1175
7039
-1495
6977
-3967
5932
-5879
4061
-6954
1615
-7061
-1060
-6171
-3583
-4423
-5604
-2042
-6843
618
-7118
3194
-6384
5322
-4766
6695
-2472
7136
173
6570
2789
5087
5010
2881
6531
277
7134
-2368
6734
-4688
5385
-6337
3285
-7107
716
-6874
-1947
-5672
-4343
-3672
-6123
-1158
-7048
1513
-6976
3978
-5928
5886
-4049
6964
-1600
7058
1078
6169
3603
4408
5618
2032
6851
-636
7114
-3209
6381
-5329
4751
-6703
2454
-7139
-188
-6566
-2805
-5073
-5022
-2864
-6540
-259
-7134
2394
-6727
4699
-5375
6347
-3265
7109
-694
6863
1965
5659
4358
3661
6130
1136
7047
-1541
6971
-3998
5917
-5893
4026
-6966
1573
-7052
-1099
-6150
-3621
-4386
-5633
-2006
-6853
655
-7111
3228
-6370
5343
-4732
6711
-2431
7139
211
6563
2825
5065
5037
2847
6546
242
7137
-2406
6725
-4708
5366
-6360
3250
-7108
685
-6859
-1981
-5648
-4363
-3642
-6138
-1124
-7049
1552
-6969
4005
-5907
5900
-4017
6962
-1565
7050
1111
6148
3634
4375
5639
1993
6858
-668
7106
-3239
6359
-5355
4719
-6718
2415
-7135
-228
-6551
-2846
-5044
-5052
-2826
-6556
-216
-7134
2434
-6714
4725
-5347
6374
-3226
7109
-658
6847
2005
5629
4386
3618
6153
1105
7053
-1577
6968
-4027
5899
-5915
3999
-6970
1543
-7046
-1135
-6137
-3651
-4358
-5654
-1974
-6862
696
-7105
3257
-6355
5368
-4703
6729
-2400
7140
248
6545
2856
5032
5065
2819
6565
204
7136
-2446
6707
-4741
0
1588
1168
1152
1360
1616
1556
1040
1360
1256
1066
2026
1508
1312
1192
1462
1549
1160
1324
1152
1926
1384
1853
1154
1684
1493
1750
1280
1280
1370
1538
1065
1362
1394
1241
1035
1521
1254
1159
1125
1862
1868
1766
1190
1988
1262
1152
1640
1674
1796
1594
1062
1445
1661
1067
1566
1526
2031
1401
1746
1222
1667
1205
1970
1822
1944
1931
1205
2009
1086
2037
1192
1258
1980
1738
1058
1152
1203
1891
1098
1154
1556
1350
1597
1940
1620
1580
1980
1802
1563
1238
1352
1346
1558
1599
1594
1549
1533
1274
1428
1109
1794
1770
1562
1686
1417
2010
1352
1110
1462
1250
1342
1906
1387
1764
1515
1180
1254
1867
1279
1135
1901
1151
1429
1750
1359
1683
1565
1062
1355
1884
1473
1045
1156
1650
1583
1428
1357
1773
1525
1099
1162
1164
1212
1126
1064
1418
1494
1210
1723
1025
1706
1913
1303
1350
1795
1162
1640
1530
1184
1170
1896
1459
1828
1402
1641
1149
1327
2037
1537
1745
1998
1315
1188
1030
1989
1935
1354
1192
1398
1832
1912
1295
1774
1113
1416
1158
1563
1791
1425
1780
1599
1926
1825
1061
1049
1668
1069
1146
1862
1834
1812
1356
1764
1402
1258
1806
1296
1940
1280
1910
1954
1561
1260
1341
1160
1113
1315
1239
1145
1788
1447
1167
1534
1921
1620
1662
1134
1090
1034
1220
1973
1484
1481
1769
1588
1553
1102
1202
1305
1225
1025
1378
1241
1186
1508
1603
1113
1204
1458
1350
1729
1425
1422
1179
1805
1751
1954
1137
1451
1962
1800
1466
1508
1025
1768
1341
1267
1385
1803
1462
1810
1985
1172
1168
-2355
-6740
298
-7139
2898
-6527
5098
-4993
6572
-2768
7135
-147
6688
2485
5305
4781
3175
6391
598
7112
-2067
6836
-4424
5593
-6181
3563
-7062
1040
-6953
-1635
-5861
-4078
-3948
-5948
-1476
-6982
1200
-7040
3704
-6104
5696
-4316
6878
-1911
7104
756
6318
3319
4657
5413
2341
6745
-313
7135
-2919
6520
-5110
4981
-6582
2751
-7138
126
-6684
-2505
-5294
-4795
-3161
-6404
-576
-7112
2084
-6822
4454
-5584
6195
-3548
7067
-1021
6951
1654
5847
4098
3934
5964
1456
6990
-1224
7028
-3727
6089
-5705
4292
-6880
1889
-7093
-781
-6310
-3337
-4641
-5430
-2314
-6752
340
-7131
2934
-6505
5129
-4969
6603
-2726
7148
-103
6676
2519
5285
4804
3137
6410
558
7121
-2108
6823
-4466
5571
-6205
3531
-7073
997
-6941
-1675
-5834
-4116
-3913
-5974
-1437
-6995
1237
-7037
3742
-6083
5718
-4275
6887
-1868
7094
799
6298
3356
4623
5437
2298
6764
-354
7132
-2953
6497
-5142
4954
-6602
2712
-7141
86
-6673
-2550
-5268
-4828
-3122
-6420
-532
-7119
2128
-6813
4491
-5560
6223
-3512
7071
-983
6932
1691
5824
4124
3895
5988
1419
6993
-1257
7019
-3753
6072
-5728
4266
-6895
1855
-7084
-814
-6284
-3374
-4608
-5445
-2283
-6763
367
-7127
2971
-6494
5144
-4942
6609
-2700
7136
-75
6666
2555
5260
4828
3106
6425
524
7118
-2139
6813
-4494
5548
-6227
3499
-7072
968
-6928
-1706
-5812
-4142
-3877
-5994
-1401
-7005
1283
-7023
3772
-6058
5738
-4249
6901
-1837
7090
836
6286
3387
4592
5463
2259
6775
-394
7124
-2997
6486
-5172
4920
-6616
2670
-7137
46
-6653
-2585
-5237
-4852
-3078
-6440
-492
-7119
2170
-6804
4517
-5527
6242
-3477
7078
-938
6928
1739
5795
4161
3864
6008
1377
7005
-1302
7023
-3792
6049
-5753
4227
-6907
1813
-7086
-860
-6278
-3410
-4574
-5482
-2247
-6782
420
-7127
3009
-6476
5186
-4907
6625
-2659
7138
-30
6653
2598
5222
4860
3064
6449
472
7120
-2185
6792
-4529
5515
-6247
3463
-7076
923
-6925
-1758
-5784
-4174
-3847
-6019
-1360
-7007
1314
-7016
3803
-6041
5765
-4216
6907
-1801
7082
879
6270
3416
4568
5488
2229
6784
-430
7126
-3021
6468
-5194
4892
-6625
2641
-7141
13
-6645
-2615
-5213
-4880
-3054
-6456
-455
-7128
2199
-6798
4539
-5503
6252
-3447
7080
-903
6922
1771
5775
4193
3833
6029
1337
7010
-1337
7012
-3827
6029
-5778
4198
-6918
1772
-7085
-902
-6255
-3442
-4548
-5503
-2204
-6793
458
-7125
3045
-6456
5216
-4880
6639
-2621
7141
8
6637
2634
5192
4895
3025
6467
433
7121
-2219
6782
-4563
5490
-6259
3422
-7083
873
-6907
-1790
-5763
-4215
-3810
-6039
-1315
-7023
1356
-7015
3843
-6012
5783
-4178
6920
-1753
7079
917
6244
3462
4534
5517
2184
6794
-472
7126
-3066
6443
-5225
4870
-6644
2605
-7141
-26
-6626
-2648
-5183
-4909
-3006
-6470
-416
-7127
2235
-6780
4576
-5485
6270
-3416
7082
-860
6906
1808
5756
4229
3793
6044
1299
7018
-1371
7006
-3863
6000
-5796
4161
-6927
1733
-7076
-939
-6239
-3483
-4518
-5527
-2165
-6800
493
-7119
3080
-6437
5237
-4862
6651
-2583
7137
42
6615
2669
5171
4919
2991
6480
399
7133
-2255
6775
-4589
5470
-6281
3391
-7093
843
-6900
-1831
-5751
-4248
-3782
-6059
-1284
-7024
1392
-7002
3875
-6004
5805
-4155
6936
-1711
7088
958
6227
3486
4509
5539
2149
6809
-509
7120
-3098
6432
-5248
4836
-6663
2570
-7139
-66
-6612
-2691
-5155
-4931
-2974
-6491
-381
-7131
2273
-6769
4601
-5456
6286
-3377
7090
-827
6898
1849
5740
4254
3762
6064
1266
7025
-1411
6995
-3887
5989
-5822
4127
-6936
1700
-7076
-975
-6218
-3508
-4484
-5551
-2130
-6815
533
-7120
3118
-6422
5267
-4822
6671
-2548
7136
87
6601
2713
5134
4952
2954
6503
360
7131
-2295
6758
-4614
5445
-6305
3358
-7092
804
-6893
-1867
-5717
-4268
-3744
-6079
-1251
-7031
1428
-6993
3903
-5974
5833
-4116
6936
-1683
7072
992
6210
3519
4471
5562
2112
6820
-553
7114
-3135
6416
-5276
4807
-6679
2531
-7138
-107
-6599
-2728
-5128
-4969
-2943
-6509
-337
-7132
2311
-6761
4634
-5428
6312
-3346
7094
-784
6888
1886
5708
4289
3733
6094
1225
7030
-1458
6990
-3922
5964
-5846
4102
-6947
1661
-7068
-1015
-6198
-3542
-4456
-5580
-2091
-6826
573
-7117
3151
-6410
5287
-4800
6680
-2511
7137
125
6590
2746
5115
4982
2928
6516
316
7130
-2327
6749
-4647
5410
-6317
3322
-7099
755
-6877
-1903
-5690
-4307
-3712
-6104
-1206
-7039
1473
-6989
3944
-5959
5861
-4085
6947
-1637
7064
1037
6188
3564
4441
5592
2068
6831
-592
7116
-3167
6398
-5303
4781
-6693
2496
-7140
-150
-6580
-2768
-5099
-4996
-2906
-6521
-295
-7135
2347
-6741
4667
-5396
6329
-3301
7102
-736
6878
1927
5681
4323
3691
6111
1175
7039
-1495
6977
-3967
5932
-5879
4061
-6954
1615
-7061
-1060
-6171
-3583
-4423
-5604
-2042
-6843
618
-7118
3194
-6384
5322
-4766
6695
-2472
7136
173
6570
2789
5087
5010
2881
6531
277
7134
-2368
6734
-4688
5385
-6337
3285
-7107
716
-6874
-1947
-5672
-4343
-3672
-6123
-1158
-7048
1513
-6976
3978
-5928
5886
-4049
6964
-1600
7058
1078
6169
3603
4408
5618
2032
6851
-636
7114
-3209
6381
-5329
4751
-6703
2454
-7139
-188
-6566
-2805
-5073
-5022
-2864
-6540
-259
-7134
2394
-6727
4699
-5375
6347
-3265
7109
-694
6863
1965
5659
4358
3661
6130
1136
7047
-1541
6971
-3998
5917
-5893
4026
-6966
1573
-7052
-1099
-6150
-3621
-4386
-5633
-2006
-6853
655
-7111
3228
-6370
5343
-4732
6711
-2431
7139
211
6563
2825
5065
5037
2847
6546
242
7137
-2406
6725
-4708
5366
-6360
3250
-7108
685
-6859
-1981
-5648
-4363
-3642
-6138
-1124
-7049
1552
-6969
4005
-5907
5900
-4017
6962
-1565
7050
1111
6148
3634
4375
5639
1993
6858
-668
7106
-3239
6359
-5355
4719
-6718
2415
-7135
-228
-6551
-2846
-5044
-5052
-2826
-6556
-216
-7134
2434
-6714
4725
-5347
6374
-3226
7109
-658
6847
2005
5629
4386
3618
6153
1105
7053
-1577
6968
-4027
5899
-5915
3999
-6970
1543
-7046
-1135
-6137
-3651
-4358
-5654
-1974
-6862
696
-7105
3257
-6355
5368
-4703
6729
-2400
7140
248
6545
2856
5032
5065
2819
6565
204
7136
-2446
6707
-4741
0
1588
1168
1152
1360
1616
1556
1040
1360
1256
1066
2026
1508
1312
1192
1462
1549
1160
1324
1152
1926
1384
1853
1154
1684
1493
1750
1280
1280
1370
1538
1065
1362
1394
1241
1035
1521
1254
1159
1125
1862
1868
1766
1190
1988
1262
1152
1640
1674
1796
1594
1062
1445
1661
1067
1566
1526
2031
1401
1746
1222
1667
1205
1970
1822
1944
1931
1205
2009
1086
2037
1192
1258
1980
1738
1058
1152
1203
1891
1098
1154
1556
1350
1597
1940
1620
1580
1980
1802
1563
1238
1352
1346
1558
1599
1594
1549
1533
1274
1428
1109
1794
1770
1562
1686
1417
2010
1352
1110
1462
1250
1342
1906
1387
1764
1515
1180
1254
1867
1279
1135
1901
1151
1429
1750
1359
1683
1565
1062
1355
1884
1473
1045
1156
1650
1583
1428
1357
1773
1525
1099
1162
1164
1212
1126
1064
1418
1494
1210
1723
1025
1706
1913
1303
1350
1795
1162
1640
1530
1184
1170
1896
1459
1828
1402
1641
1149
1327
2037
1537
1745
1998
1315
1188
1030
1989
1935
1354
1192
1398
1832
1912
1295
1774
1113
1416
1158
1563
1791
1425
1780
1599
1926
1825
1061
1049
1668
1069
1146
1862
1834
1812
1356
1764
1402
1258
1806
1296
1940
1280
1910
1954
1561
1260
1341
1160
1113
1315
1239
1145
1788
1447
1167
1534
1921
1620
1662
1134
1090
1034
1220
1973
1484
1481
1769
1588
1553
1102
1202
1305
1225
1025
1378
1241
1186
1508
1603
1113
1204
1458
1350
1729
1425
1422
1179
1805
1751
1954
1137
1451
1962
1800
1466
1508
1025
1768
1341
1267
1385
1803
1462
1810
1985
1172
1168
-2355
-6740
298
-7139
2898
-6527
5098
-4993
6572
-2768
7135
-147
6688
2485
5305
4781
3175
6391
598
7112
-2067
6836
-4424
5593
-6181
3563
-7062
1040
-6953
-1635
-5861
-4078
-3948
-5948
-1476
-6982
1200
-7040
3704
-6104
5696
-4316
6878
-1911
7104
756
6318
3319
4657
5413
2341
6745
-313
7135
-2919
6520
-5110
4981
-6582
2751
-7138
126
-6684
-2505
-5294
-4795
-3161
-6404
-576
-7112
2084
-6822
4454
-5584
6195
-3548
7067
-1021
6951
1654
5847
4098
3934
5964
1456
6990
-1224
7028
-3727
6089
-5705
4292
-6880
1889
-7093
-781
-6310
-3337
-4641
-5430
-2314
-6752
340
-7131
2934
-6505
5129
-4969
6603
-2726
7148
-103
6676
2519
5285
4804
3137
6410
558
7121
-2108
6823
-4466
5571
-6205
3531
-7073
997
-6941
-1675
-5834
-4116
-3913
-5974
-1437
-6995
1237
-7037
3742
-6083
5718
-4275
6887
-1868
7094
799
6298
3356
4623
5437
2298
6764
-354
7132
-2953
6497
-5142
4954
-6602
2712
-7141
86
-6673
-2550
-5268
-4828
-3122
-6420
-532
-7119
2128
-6813
4491
-5560
6223
-3512
7071
-983
6932
1691
5824
4124
3895
5988
1419
6993
-1257
7019
-3753
6072
-5728
4266
-6895
1855
-7084
-814
-6284
-3374
-4608
-5445
-2283
-6763
367
-7127
2971
-6494
5144
-4942
6609
-2700
7136
-75
6666
2555
5260
4828
3106
6425
524
7118
-2139
6813
-4494
5548
-6227
3499
-7072
968
-6928
-1706
-5812
-4142
-3877
-5994
-1401
-7005
1283
-7023
3772
-6058
5738
-4249
6901
-1837
7090
836
6286
3387
4592
5463
2259
6775
-394
7124
-2997
6486
-5172
4920
-6616
2670
-7137
46
-6653
-2585
-5237
-4852
-3078
-6440
-492
-7119
2170
-6804
4517
-5527
6242
-3477
7078
-938
6928
1739
5795
4161
3864
6008
1377
7005
-1302
7023
-3792
6049
-5753
4227
-6907
1813
-7086
-860
-6278
-3410
-4574
-5482
-2247
-6782
420
-7127
3009
-6476
5186
-4907
6625
-2659
7138
-30
6653
2598
5222
4860
3064
6449
472
7120
-2185
6792
-4529
5515
-6247
3463
-7076
923
-6925
-1758
-5784
-4174
-3847
-6019
-1360
-7007
1314
-7016
3803
-6041
5765
-4216
6907
-1801
7082
879
6270
3416
4568
5488
2229
6784
-430
7126
-3021
6468
-5194
4892
-6625
2641
-7141
13
-6645
-2615
-5213
-4880
-3054
-6456
-455
-7128
2199
-6798
4539
-5503
6252
-3447
7080
-903
6922
1771
5775
4193
3833
6029
1337
7010
-1337
7012
-3827
6029
-5778
4198
-6918
1772
-7085
-902
-6255
-3442
-4548
-5503
-2204
-6793
458
-7125
3045
-6456
5216
-4880
6639
-2621
7141
8
6637
2634
5192
4895
3025
6467
433
7121
-2219
6782
-4563
5490
-6259
3422
-7083
873
-6907
-1790
-5763
-4215
-3810
-6039
-1315
-7023
1356
-7015
3843
-6012
5783
-4178
6920
-1753
7079
917
6244
3462
4534
5517
2184
6794
-472
7126
-3066
6443
-5225
4870
-6644
2605
-7141
-26
-6626
-2648
-5183
-4909
-3006
-6470
-416
-7127
2235
-6780
4576
-5485
6270
-3416
7082
-860
6906
1808
5756
4229
3793
6044
1299
7018
-1371
7006
-3863
6000
-5796
4161
-6927
1733
-7076
-939
-6239
-3483
-4518
-5527
-2165
-6800
493
-7119
3080
-6437
5237
-4862
6651
-2583
7137
42
6615
2669
5171
4919
2991
6480
399
7133
-2255
6775
-4589
5470
-6281
3391
-7093
843
-6900
-1831
-5751
-4248
-3782
-6059
-1284
-7024
1392
-7002
3875
-6004
5805
-4155
6936
-1711
7088
958
6227
3486
4509
5539
2149
6809
-509
7120
-3098
6432
-5248
4836
-6663
2570
-7139
-66
-6612
-2691
-5155
-4931
-2974
-6491
-381
-7131
2273
-6769
4601
-5456
6286
-3377
7090
-827
6898
1849
5740
4254
3762
6064
1266
7025
-1411
6995
-3887
5989
-5822
4127
-6936
1700
-7076
-975
-6218
-3508
-4484
-5551
-2130
-6815
533
-7120
3118
-6422
5267
-4822
6671
-2548
7136
87
6601
2713
5134
4952
2954
6503
360
7131
-2295
6758
-4614
5445
-6305
3358
-7092
804
-6893
-1867
-5717
-4268
-3744
-6079
-1251
-7031
1428
-6993
3903
-5974
5833
-4116
6936
-1683
7072
992
6210
3519
4471
5562
2112
6820
-553
7114
-3135
6416
-5276
4807
-6679
2531
-7138
-107
-6599
-2728
-5128
-4969
-2943
-6509
-337
-7132
2311
-6761
4634
-5428
6312
-3346
7094
-784
6888
1886
5708
4289
3733
6094
1225
7030
-1458
6990
-3922
5964
-5846
4102
-6947
1661
-7068
-1015
-6198
-3542
-4456
-5580
-2091
-6826
573
-7117
3151
-6410
5287
-4800
6680
-2511
7137
125
6590
2746
5115
4982
2928
6516
316
7130
-2327
6749
-4647
5410
-6317
3322
-7099
755
-6877
-1903
-5690
-4307
-3712
-6104
-1206
-7039
1473
-6989
3944
-5959
5861
-4085
6947
-1637
7064
1037
6188
3564
4441
5592
2068
6831
-592
7116
-3167
6398
-5303
4781
-6693
2496
-7140
-150
-6580
-2768
-5099
-4996
-2906
-6521
-295
-7135
2347
-6741
4667
-5396
6329
-3301
7102
-736
6878
1927
5681
4323
3691
6111
1175
7039
-1495
6977
-3967
5932
-5879
4061
-6954
1615
-7061
-1060
-6171
-3583
-4423
-5604
-2042
-6843
618
-7118
3194
-6384
5322
-4766
6695
-2472
7136
173
6570
2789
5087
5010
2881
6531
277
7134
-2368
6734
-4688
5385
-6337
3285
-7107
716
-6874
-1947
-5672
-4343
-3672
-6123
-1158
-7048
1513
-6976
3978
-5928
5886
-4049
6964
-1600
7058
1078
6169
3603
4408
5618
2032
6851
-636
7114
-3209
6381
-5329
4751
-6703
2454
-7139
-188
-6566
-2805
-5073
-5022
-2864
-6540
-259
-7134
2394
-6727
4699
-5375
6347
-3265
7109
-694
6863
1965
5659
4358
3661
6130
1136
7047
-1541
6971
-3998
5917
-5893
4026
-6966
1573
-7052
-1099
-6150
-3621
-4386
-5633
-2006
-6853
655
-7111
3228
-6370
5343
-4732
6711
-2431
7139
211
6563
2825
5065
5037
2847
6546
242
7137
-2406
6725
-4708
5366
-6360
3250
-7108
685
-6859
-1981
-5648
-4363
-3642
-6138
-1124
-7049
1552
-6969
4005
-5907
5900
-4017
6962
-1565
7050
1111
6148
3634
4375
5639
1993
6858
-668
7106
-3239
6359
-5355
4719
-6718
2415
-7135
-228
-6551
-2846
-5044
-5052
-2826
-6556
-216
-7134
2434
-6714
4725
-5347
6374
-3226
7109
-658
6847
2005
5629
4386
3618
6153
1105
7053
-1577
6968
-4027
5899
-5915
3999
-6970
1543
-7046
-1135
-6137
-3651
-4358
-5654
-1974
-6862
696
-7105
3257
-6355
5368
-4703
6729
-2400
7140
248
6545
2856
5032
5065
2819
6565
204
7136
-2446
6707
-4741
0
1588
1168
1152
1360
1616
1556
1040
1360
1256
1066
2026
1508
1312
1192
1462
1549
1160
1324
1152
1926
1384
1853
1154
1684
1493
1750
1280
1280
1370
1538
1065
1362
1394
1241
1035
1521
1254
1159
1125
1862
1868
1766
1190
1988
1262
1152
1640
1674
1796
1594
1062
1445
1661
1067
1566
1526
2031
1401
1746
1222
1667
1205
1970
1822
1944
1931
1205
2009
1086
2037
1192
1258
1980
1738
1058
1152
1203
1891
1098
1154
1556
1350
1597
1940
1620
1580
1980
1802
1563
1238
1352
1346
1558
1599
1594
1549
1533
1274
1428
1109
1794
1770
1562
1686
1417
2010
1352
1110
1462
1250
1342
1906
1387
1764
1515
1180
1254
1867
1279
1135
1901
1151
1429
1750
1359
1683
1565
1062
1355
1884
1473
1045
1156
1650
1583
1428
1357
1773
1525
1099
1162
1164
1212
1126
1064
1418
1494
1210
1723
1025
1706
1913
1303
1350
1795
1162
1640
1530
1184
1170
1896
1459
1828
1402
1641
1149
1327
2037
1537
1745
1998
1315
1188
1030
1989
1935
1354
1192
1398
1832
1912
1295
1774
1113
1416
1158
1563
1791
1425
1780
1599
1926
1825
1061
1049
1668
1069
1146
1862
1834
1812
1356
1764
1402
1258
1806
1296
1940
1280
1910
1954
1561
1260
1341
1160
1113
1315
1239
1145
1788
1447
1167
1534
1921
1620
1662
1134
1090
1034
1220
1973
1484
1481
1769
1588
1553
1102
1202
1305
1225
1025
1378
1241
1186
1508
1603
1113
1204
1458
1350
1729
1425
1422
1179
1805
1751
1954
1137
1451
1962
1800
1466
1508
1025
1768
1341
1267
1385
1803
1462
1810
1985
1172
1168
-3894
5989
-7078
-976
-2132
-6823
5262
-4830
6620
2708
370
7138
-6297
3364
-5735
-4268
1421
-7004
6939
-1695
4488
5554
-3129
6433
-7155
-82
-2960
-6506
4626
-5452
6902
1862
1250
7027
-5829
4127
-6215
-3526
537
-7128
6684
-2542
5139
4963
-2298
6767
-7097
798
-3745
-6085
3914
-5979
7076
997
2104
6831
-5279
4815
-6603
-2724
-347
-7139
6310
-3346
5720
4286
-1449
6993
-6946
1673
-4471
-5577
3144
-6419
7143
109
2936
6515
-4642
5433
-6894
-1888
-1228
-7041
5845
-4102
6209
3544
-561
7119
-6689
2522
-5124
-4978
2320
-6757
7104
-779
3725
6096
-3932
5974
-7066
-1013
-2091
-6834
5290
-4797
6591
2745
325
7142
-6319
3327
-5708
-4305
1463
-6998
6950
-1651
4454
5586
-3159
6406
-7141
-127
-2923
-6518
4657
-5426
6887
1898
1208
7041
-5858
4092
-6201
-3562
583
-7120
6690
-2504
5113
4991
-2335
6751
-7106
754
-3707
-6107
3950
-5955
7069
1037
2069
6837
-5305
4785
-6586
-2762
-305
-7140
6330
-3313
5694
4318
-1483
6988
-6956
1633
-4443
-5600
3178
-6401
7144
145
2906
6532
-4670
5407
-6881
-1921
-1188
-7047
5866
-4074
6189
3574
-603
7116
-6695
2488
-5105
-5006
2351
-6745
7109
-743
3700
6118
-3959
5947
-7067
-1051
-2052
-6843
5323
-4774
6583
2776
294
7135
-6341
3297
-5681
-4326
1494
-6988
6966
-1618
4426
5610
-3193
6399
-7138
-169
-2888
-6542
4690
-5400
6879
1944
1173
7052
-5883
4057
-6182
-3597
627
-7119
6708
-2464
5090
5021
-2376
6739
-7109
718
-3674
-6132
3981
-5935
7063
1072
2030
6856
-5330
4761
-6573
-2803
-268
-7143
6353
-3281
5676
4350
-1518
6981
-6968
1593
-4409
-5625
3214
-6387
7146
186
2872
6544
-4700
5390
-6875
-1964
-1154
-7052
5895
-4043
6175
3612
-648
7120
-6716
2448
-5082
-5033
2401
-6736
7107
-701
3666
6144
-3994
5929
-7062
-1090
-2019
-6862
5346
-4747
6575
2813
247
7147
-6360
3267
-5664
-4363
1536
-6982
6974
-1582
4397
5638
-3229
6378
-7145
-211
-2855
-6553
4713
-5375
6869
1982
1133
7056
-5905
4028
-6157
-3627
660
-7116
6720
-2424
5060
5047
-2413
6726
-7109
674
-3645
-6147
4018
-5908
7052
1111
1994
6862
-5361
4725
-6555
-2836
-217
-7146
6375
-3244
5647
4384
-1564
6971
-6977
1555
-4377
-5640
3246
-6363
7142
238
2822
6561
-4735
5357
-6857
-2006
-1104
-7061
5921
-4009
6143
3650
-688
7111
-6730
2405
-5036
-5069
2436
-6717
7112
-651
3623
6162
-4033
5895
-7049
-1141
-1975
-6869
5375
-4708
6549
2856
199
7148
-6378
3221
-5633
-4397
1587
-6965
6983
-1535
4362
5664
-3267
6353
-7138
-255
-2816
-6575
4748
-5339
6862
2024
1085
7063
-5926
3994
-6135
-3665
708
-7105
6734
-2391
5027
5078
-2454
6712
-7120
634
-3612
-6169
4049
-5893
7050
1160
1958
6880
-5393
4703
-6539
-2872
-185
-7148
6387
-3208
5622
4410
-1604
6967
-6986
1515
-4346
-5672
3284
-6340
7141
269
2792
6577
-4762
5326
-6847
-2042
-1061
-7062
5932
-3969
6122
3680
-734
7107
-6743
2373
-5014
-5098
2475
-6703
7122
-613
3590
6179
-4065
5878
-7049
-1176
-1942
-6878
5399
-4683
6538
2891
172
7143
-6397
3193
-5607
-4424
1617
-6964
6992
-1496
4331
5680
-3301
6339
-7138
-294
-2777
-6583
4779
-5311
6844
2061
1046
7071
-5948
3960
-6111
-3695
745
-7105
6748
-2350
5001
5104
-2493
6695
-7118
596
-3572
-6189
4079
-5863
7045
1196
1920
6885
-5414
4668
-6520
-2916
-146
-7145
6414
-3170
5592
4444
-1643
6959
-6996
1473
-4312
-5700
3324
-6330
7140
314
2757
6593
-4793
5302
-6836
-2080
-1028
-7075
5957
-3936
6105
3715
-771
7106
-6757
2327
-4989
-5121
2519
-6693
7117
-576
3551
6198
-4096
5856
-7044
-1220
-1898
-6893
5425
-4652
6518
2935
120
7143
-6414
3148
-5580
-4461
1664
-6952
7005
-1460
4296
5711
-3340
6319
-7141
-331
-2740
-6605
4805
-5282
6827
2096
1006
7075
-5977
3922
-6090
-3736
788
-7101
6764
-2310
4977
5133
-2536
6683
-7127
551
-3538
-6210
4121
-5843
7038
1236
1876
6900
-5438
4631
-6505
-2954
-97
-7145
6422
-3133
5566
4481
-1684
6943
-7008
1435
-4274
-5720
3358
-6306
7144
359
2715
6612
-4826
5271
-6820
-2125
-987
-7082
5988
-3903
6080
3756
-809
7106
-6771
2288
-4955
-5143
2556
-6677
7124
-530
3516
6220
-4138
5827
-7032
-1257
-1858
-6900
5457
-4616
6500
2971
81
7146
-6435
3115
-5553
-4497
1694
-6945
6998
-1420
4261
5743
-3382
6294
-7138
-377
-2694
-6617
4839
-5257
6817
2142
963
7076
-5997
3889
-6064
-3770
830
-7099
6778
-2273
4940
5162
-2571
6669
-7128
513
-3501
-6222
4153
-5823
7029
1281
1840
6909
-5469
4604
-6492
-2992
-63
-7154
6442
-3096
5544
4513
-1722
6935
-7009
1399
-4245
-5751
3400
-6283
7132
392
2673
6623
-4853
5246
-6817
-2164
-946
-7088
6006
-3871
6060
3789
-846
7096
-6781
2248
-4920
-5177
2588
-6662
7133
-492
3483
6232
-4167
5807
-7025
-1300
-1824
-6911
5484
-4589
6485
3011
42
7145
-6454
3073
-5529
-4527
1744
-6934
7012
-1372
4231
5764
-3416
6281
-7138
-413
-2662
-6637
4869
-5233
6811
2176
926
7087
-6012
3854
-6049
-3811
871
-7103
6788
-2233
4906
5190
-2610
6652
-7133
472
-3459
-6248
4182
-5795
7022
1320
1796
6912
-5492
4569
-6473
-3028
-18
-7146
6462
-3057
5516
4544
-1763
6931
-7016
1349
-4213
-5776
3436
-6268
7136
433
2644
6638
-4886
5212
-6801
-2195
-905
-7090
6026
-3833
6038
3821
-888
7091
-6795
2221
-4896
-5208
2627
-6650
7129
-459
3444
6258
-4200
5789
-7025
-1340
-1777
-6921
5502
-4558
6465
3048
2
7140
-6467
3042
-5503
-4559
1777
-6929
7022
-1337
4192
5788
-3449
6259
-7130
-456
-2623
-6647
4902
-5204
6795
2219
884
7089
-6043
3811
-6027
-3842
915
-7092
6794
-2189
4880
5220
-2648
6641
-7129
429
-3419
-6268
4216
-5768
7015
1357
1752
6930
-5523
4537
-6460
-3072
24
-7147
6485
-3023
5486
4575
-1797
6914
-7027
1312
-4171
-5800
3468
-6248
7127
476
2595
6652
-4923
5191
-6788
-2238
-863
-7094
6054
-3794
6017
3858
-934
7088
-6809
2167
-4863
-5236
2670
-6634
7128
-408
3404
6281
-4234
5756
-7014
-1379
-1736
-6935
5537
-4524
6452
3081
-48
7142
-6486
2997
-5475
-4599
1823
-6903
7028
-1297
4159
5816
-3485
0
1588
1168
1152
1360
1616
1556
1040
1360
1256
1066
2026
1508
1312
1192
1462
1549
1160
1324
1152
1926
1384
1853
1154
1684
1493
1750
1280
1280
1370
1538
1065
1362
1394
1241
1035
1521
1254
1159
1125
1862
1868
1766
1190
1988
1262
1152
1640
1674
1796
1594
1062
1445
1661
1067
1566
1526
2031
1401
1746
1222
1667
1205
1970
1822
1944
1931
1205
2009
1086
2037
1192
1258
1980
1738
1058
1152
1203
1891
1098
1154
1556
1350
1597
1940
1620
1580
1980
1802
1563
1238
1352
1346
1558
1599
1594
1549
1533
1274
1428
1109
1794
1770
1562
1686
1417
2010
1352
1110
1462
1250
1342
1906
1387
1764
1515
1180
1254
1867
1279
1135
1901
1151
1429
1750
1359
1683
1565
1062
1355
1884
1473
1045
1156
1650
1583
1428
1357
1773
1525
1099
1162
1164
1212
1126
1064
1418
1494
1210
1723
1025
1706
1913
1303
1350
1795
1162
1640
1530
1184
1170
1896
1459
1828
1402
1641
1149
1327
2037
1537
1745
1998
1315
1188
1030
1989
1935
1354
1192
1398
1832
1912
1295
1774
1113
1416
1158
1563
1791
1425
1780
1599
1926
1825
1061
1049
1668
1069
1146
1862
1834
1812
1356
1764
1402
1258
1806
1296
1940
1280
1910
1954
1561
1260
1341
1160
1113
1315
1239
1145
1788
1447
1167
1534
1921
1620
1662
1134
1090
1034
1220
1973
1484
1481
1769
1588
1553
1102
1202
1305
1225
1025
1378
1241
1186
1508
1603
1113
1204
1458
1350
1729
1425
1422
1179
1805
1751
1954
1137
1451
1962
1800
1466
1508
1025
1768
1341
1267
1385
1803
1462
1810
1985
1172
1168
-3894
5989
-7078
-976
-2132
-6823
5262
-4830
6620
2708
370
7138
-6297
3364
-5735
-4268
1421
-7004
6939
-1695
4488
5554
-3129
6433
-7155
-82
-2960
-6506
4626
-5452
6902
1862
1250
7027
-5829
4127
-6215
-3526
537
-7128
6684
-2542
5139
4963
-2298
6767
-7097
798
-3745
-6085
3914
-5979
7076
997
2104
6831
-5279
4815
-6603
-2724
-347
-7139
6310
-3346
5720
4286
-1449
6993
-6946
1673
-4471
-5577
3144
-6419
7143
109
2936
6515
-4642
5433
-6894
-1888
-1228
-7041
5845
-4102
6209
3544
-561
7119
-6689
2522
-5124
-4978
2320
-6757
7104
-779
3725
6096
-3932
5974
-7066
-1013
-2091
-6834
5290
-4797
6591
2745
325
7142
-6319
3327
-5708
-4305
1463
-6998
6950
-1651
4454
5586
-3159
6406
-7141
-127
-2923
-6518
4657
-5426
6887
1898
1208
7041
-5858
4092
-6201
-3562
583
-7120
6690
-2504
5113
4991
-2335
6751
-7106
754
-3707
-6107
3950
-5955
7069
1037
2069
6837
-5305
4785
-6586
-2762
-305
-7140
6330
-3313
5694
4318
-1483
6988
-6956
1633
-4443
-5600
3178
-6401
7144
145
2906
6532
-4670
5407
-6881
-1921
-1188
-7047
5866
-4074
6189
3574
-603
7116
-6695
2488
-5105
-5006
2351
-6745
7109
-743
3700
6118
-3959
5947
-7067
-1051
-2052
-6843
5323
-4774
6583
2776
294
7135
-6341
3297
-5681
-4326
1494
-6988
6966
-1618
4426
5610
-3193
6399
-7138
-169
-2888
-6542
4690
-5400
6879
1944
1173
7052
-5883
4057
-6182
-3597
627
-7119
6708
-2464
5090
5021
-2376
6739
-7109
718
-3674
-6132
3981
-5935
7063
1072
2030
6856
-5330
4761
-6573
-2803
-268
-7143
6353
-3281
5676
4350
-1518
6981
-6968
1593
-4409
-5625
3214
-6387
7146
186
2872
6544
-4700
5390
-6875
-1964
-1154
-7052
5895
-4043
6175
3612
-648
7120
-6716
2448
-5082
-5033
2401
-6736
7107
-701
3666
6144
-3994
5929
-7062
-1090
-2019
-6862
5346
-4747
6575
2813
247
7147
-6360
3267
-5664
-4363
1536
-6982
6974
-1582
4397
5638
-3229
6378
-7145
-211
-2855
-6553
4713
-5375
6869
1982
1133
7056
-5905
4028
-6157
-3627
660
-7116
6720
-2424
5060
5047
-2413
6726
-7109
674
-3645
-6147
4018
-5908
7052
1111
1994
6862
-5361
4725
-6555
-2836
-217
-7146
6375
-3244
5647
4384
-1564
6971
-6977
1555
-4377
-5640
3246
-6363
7142
238
2822
6561
-4735
5357
-6857
-2006
-1104
-7061
5921
-4009
6143
3650
-688
7111
-6730
2405
-5036
-5069
2436
-6717
7112
-651
3623
6162
-4033
5895
-7049
-1141
-1975
-6869
5375
-4708
6549
2856
199
7148
-6378
3221
-5633
-4397
1587
-6965
6983
-1535
4362
5664
-3267
6353
-7138
-255
-2816
-6575
4748
-5339
6862
2024
1085
7063
-5926
3994
-6135
-3665
708
-7105
6734
-2391
5027
5078
-2454
6712
-7120
634
-3612
-6169
4049
-5893
7050
1160
1958
6880
-5393
4703
-6539
-2872
-185
-7148
6387
-3208
5622
4410
-1604
6967
-6986
1515
-4346
-5672
3284
-6340
7141
269
2792
6577
-4762
5326
-6847
-2042
-1061
-7062
5932
-3969
6122
3680
-734
7107
-6743
2373
-5014
-5098
2475
-6703
7122
-613
3590
6179
-4065
5878
-7049
-1176
-1942
-6878
5399
-4683
6538
2891
172
7143
-6397
3193
-5607
-4424
1617
-6964
6992
-1496
4331
5680
-3301
6339
-7138
-294
-2777
-6583
4779
-5311
6844
2061
1046
7071
-5948
3960
-6111
-3695
745
-7105
6748
-2350
5001
5104
-2493
6695
-7118
596
-3572
-6189
4079
-5863
7045
1196
1920
6885
-5414
4668
-6520
-2916
-146
-7145
6414
-3170
5592
4444
-1643
6959
-6996
1473
-4312
-5700
3324
-6330
7140
314
2757
6593
-4793
5302
-6836
-2080
-1028
-7075
5957
-3936
6105
3715
-771
7106
-6757
2327
-4989
-5121
2519
-6693
7117
-576
3551
6198
-4096
5856
-7044
-1220
-1898
-6893
5425
-4652
6518
2935
120
7143
-6414
3148
-5580
-4461
1664
-6952
7005
-1460
4296
5711
-3340
6319
-7141
-331
-2740
-6605
4805
-5282
6827
2096
1006
7075
-5977
3922
-6090
-3736
788
-7101
6764
-2310
4977
5133
-2536
6683
-7127
551
-3538
-6210
4121
-5843
7038
1236
1876
6900
-5438
4631
-6505
-2954
-97
-7145
6422
-3133
5566
4481
-1684
6943
-7008
1435
-4274
-5720
3358
-6306
7144
359
2715
6612
-4826
5271
-6820
-2125
-987
-7082
5988
-3903
6080
3756
-809
7106
-6771
2288
-4955
-5143
2556
-6677
7124
-530
3516
6220
-4138
5827
-7032
-1257
-1858
-6900
5457
-4616
6500
2971
81
7146
-6435
3115
-5553
-4497
1694
-6945
6998
-1420
4261
5743
-3382
6294
-7138
-377
-2694
-6617
4839
-5257
6817
2142
963
7076
-5997
3889
-6064
-3770
830
-7099
6778
-2273
4940
5162
-2571
6669
-7128
513
-3501
-6222
4153
-5823
7029
1281
1840
6909
-5469
4604
-6492
-2992
-63
-7154
6442
-3096
5544
4513
-1722
6935
-7009
1399
-4245
-5751
3400
-6283
7132
392
2673
6623
-4853
5246
-6817
-2164
-946
-7088
6006
-3871
6060
3789
-846
7096
-6781
2248
-4920
-5177
2588
-6662
7133
-492
3483
6232
-4167
5807
-7025
-1300
-1824
-6911
5484
-4589
6485
3011
42
7145
-6454
3073
-5529
-4527
1744
-6934
7012
-1372
4231
5764
-3416
6281
-7138
-413
-2662
-6637
4869
-5233
6811
2176
926
7087
-6012
3854
-6049
-3811
871
-7103
6788
-2233
4906
5190
-2610
6652
-7133
472
-3459
-6248
4182
-5795
7022
1320
1796
6912
-5492
4569
-6473
-3028
-18
-7146
6462
-3057
5516
4544
-1763
6931
-7016
1349
-4213
-5776
3436
-6268
7136
433
2644
6638
-4886
5212
-6801
-2195
-905
-7090
6026
-3833
6038
3821
-888
7091
-6795
2221
-4896
-5208
2627
-6650
7129
-459
3444
6258
-4200
5789
-7025
-1340
-1777
-6921
5502
-4558
6465
3048
2
7140
-6467
3042
-5503
-4559
1777
-6929
7022
-1337
4192
5788
-3449
6259
-7130
-456
-2623
-6647
4902
-5204
6795
2219
884
7089
-6043
3811
-6027
-3842
915
-7092
6794
-2189
4880
5220
-2648
6641
-7129
429
-3419
-6268
4216
-5768
7015
1357
1752
6930
-5523
4537
-6460
-3072
24
-7147
6485
-3023
5486
4575
-1797
6914
-7027
1312
-4171
-5800
3468
-6248
7127
476
2595
6652
-4923
5191
-6788
-2238
-863
-7094
6054
-3794
6017
3858
-934
7088
-6809
2167
-4863
-5236
2670
-6634
7128
-408
3404
6281
-4234
5756
-7014
-1379
-1736
-6935
5537
-4524
6452
3081
-48
7142
-6486
2997
-5475
-4599
1823
-6903
7028
-1297
4159
5816
-3485
0
1588
1168
1152
1360
1616
1556
1040
1360
1256
1066
2026
1508
1312
1192
1462
1549
1160
1324
1152
1926
1384
1853
1154
1684
1493
1750
1280
1280
1370
1538
1065
1362
1394
1241
1035
1521
1254
1159
1125
1862
1868
1766
1190
1988
1262
1152
1640
1674
1796
1594
1062
1445
1661
1067
1566
1526
2031
1401
1746
1222
1667
1205
1970
1822
1944
1931
1205
2009
1086
2037
1192
1258
1980
1738
1058
1152
1203
1891
1098
1154
1556
1350
1597
1940
1620
1580
1980
1802
1563
1238
1352
1346
1558
1599
1594
1549
1533
1274
1428
1109
1794
1770
1562
1686
1417
2010
1352
1110
1462
1250
1342
1906
1387
1764
1515
1180
1254
1867
1279
1135
1901
1151
1429
1750
1359
1683
1565
1062
1355
1884
1473
1045
1156
1650
1583
1428
1357
1773
1525
1099
1162
1164
1212
1126
1064
1418
1494
1210
1723
1025
1706
1913
1303
1350
1795
1162
1640
1530
1184
1170
1896
1459
1828
1402
1641
1149
1327
2037
1537
1745
1998
1315
1188
1030
1989
1935
1354
1192
1398
1832
1912
1295
1774
1113
1416
1158
1563
1791
1425
1780
1599
1926
1825
1061
1049
1668
1069
1146
1862
1834
1812
1356
1764
1402
1258
1806
1296
1940
1280
1910
1954
1561
1260
1341
1160
1113
1315
1239
1145
1788
1447
1167
1534
1921
1620
1662
1134
1090
1034
1220
1973
1484
1481
1769
1588
1553
1102
1202
1305
1225
1025
1378
1241
1186
1508
1603
1113
1204
1458
1350
1729
1425
1422
1179
1805
1751
1954
1137
1451
1962
1800
1466
1508
1025
1768
1341
1267
1385
1803
1462
1810
1985
1172
1168
-3894
5989
-7078
-976
-2132
-6823
5262
-4830
6620
2708
370
7138
-6297
3364
-5735
-4268
1421
-7004
6939
-1695
4488
5554
-3129
6433
-7155
-82
-2960
-6506
4626
-5452
6902
1862
1250
7027
-5829
4127
-6215
-3526
537
-7128
6684
-2542
5139
4963
-2298
6767
-7097
798
-3745
-6085
3914
-5979
7076
997
2104
6831
-5279
4815
-6603
-2724
-347
-7139
6310
-3346
5720
4286
-1449
6993
-6946
1673
-4471
-5577
3144
-6419
7143
109
2936
6515
-4642
5433
-6894
-1888
-1228
-7041
5845
-4102
6209
3544
-561
7119
-6689
2522
-5124
-4978
2320
-6757
7104
-779
3725
6096
-3932
5974
-7066
-1013
-2091
-6834
5290
-4797
6591
2745
325
7142
-6319
3327
-5708
-4305
1463
-6998
6950
-1651
4454
5586
-3159
6406
-7141
-127
-2923
-6518
4657
-5426
6887
1898
1208
7041
-5858
4092
-6201
-3562
583
-7120
6690
-2504
5113
4991
-2335
6751
-7106
754
-3707
-6107
3950
-5955
7069
1037
2069
6837
-5305
4785
-6586
-2762
-305
-7140
6330
-3313
5694
4318
-1483
6988
-6956
1633
-4443
-5600
3178
-6401
7144
145
2906
6532
-4670
5407
-6881
-1921
-1188
-7047
5866
-4074
6189
3574
-603
7116
-6695
2488
-5105
-5006
2351
-6745
7109
-743
3700
6118
-3959
5947
-7067
-1051
-2052
-6843
5323
-4774
6583
2776
294
7135
-6341
3297
-5681
-4326
1494
-6988
6966
-1618
4426
5610
-3193
6399
-7138
-169
-2888
-6542
4690
-5400
6879
1944
1173
7052
-5883
4057
-6182
-3597
627
-7119
6708
-2464
5090
5021
-2376
6739
-7109
718
-3674
-6132
3981
-5935
7063
1072
2030
6856
-5330
4761
-6573
-2803
-268
-7143
6353
-3281
5676
4350
-1518
6981
-6968
1593
-4409
-5625
3214
-6387
7146
186
2872
6544
-4700
5390
-6875
-1964
-1154
-7052
5895
-4043
6175
3612
-648
7120
-6716
2448
-5082
-5033
2401
-6736
7107
-701
3666
6144
-3994
5929
-7062
-1090
-2019
-6862
5346
-4747
6575
2813
247
7147
-6360
3267
-5664
-4363
1536
-6982
6974
-1582
4397
5638
-3229
6378
-7145
-211
-2855
-6553
4713
-5375
6869
1982
1133
7056
-5905
4028
-6157
-3627
660
-7116
6720
-2424
5060
5047
-2413
6726
-7109
674
-3645
-6147
4018
-5908
7052
1111
1994
6862
-5361
4725
-6555
-2836
-217
-7146
6375
-3244
5647
4384
-1564
6971
-6977
1555
-4377
-5640
3246
-6363
7142
238
2822
6561
-4735
5357
-6857
-2006
-1104
-7061
5921
-4009
6143
3650
-688
7111
-6730
2405
-5036
-5069
2436
-6717
7112
-651
3623
6162
-4033
5895
-7049
-1141
-1975
-6869
5375
-4708
6549
2856
199
7148
-6378
3221
-5633
-4397
1587
-6965
6983
-1535
4362
5664
-3267
6353
-7138
-255
-2816
-6575
4748
-5339
6862
2024
1085
7063
-5926
3994
-6135
-3665
708
-7105
6734
-2391
5027
5078
-2454
6712
-7120
634
-3612
-6169
4049
-5893
7050
1160
1958
6880
-5393
4703
-6539
-2872
-185
-7148
6387
-3208
5622
4410
-1604
6967
-6986
1515
-4346
-5672
3284
-6340
7141
269
2792
6577
-4762
5326
-6847
-2042
-1061
-7062
5932
-3969
6122
3680
-734
7107
-6743
2373
-5014
-5098
2475
-6703
7122
-613
3590
6179
-4065
5878
-7049
-1176
-1942
-6878
5399
-4683
6538
2891
172
7143
-6397
3193
-5607
-4424
1617
-6964
6992
-1496
4331
5680
-3301
6339
-7138
-294
-2777
-6583
4779
-5311
6844
2061
1046
7071
-5948
3960
-6111
-3695
745
-7105
6748
-2350
5001
5104
-2493
6695
-7118
596
-3572
-6189
4079
-5863
7045
1196
1920
6885
-5414
4668
-6520
-2916
-146
-7145
6414
-3170
5592
4444
-1643
6959
-6996
1473
-4312
-5700
3324
-6330
7140
314
2757
6593
-4793
5302
-6836
-2080
-1028
-7075
5957
-3936
6105
3715
-771
7106
-6757
2327
-4989
-5121
2519
-6693
7117
-576
3551
6198
-4096
5856
-7044
-1220
-1898
-6893
5425
-4652
6518
2935
120
7143
-6414
3148
-5580
-4461
1664
-6952
7005
-1460
4296
5711
-3340
6319
-7141
-331
-2740
-6605
4805
-5282
6827
2096
1006
7075
-5977
3922
-6090
-3736
788
-7101
6764
-2310
4977
5133
-2536
6683
-7127
551
-3538
-6210
4121
-5843
7038
1236
1876
6900
-5438
4631
-6505
-2954
-97
-7145
6422
-3133
5566
4481
-1684
6943
-7008
1435
-4274
-5720
3358
-6306
7144
359
2715
6612
-4826
5271
-6820
-2125
-987
-7082
5988
-3903
6080
3756
-809
7106
-6771
2288
-4955
-5143
2556
-6677
7124
-530
3516
6220
-4138
5827
-7032
-1257
-1858
-6900
5457
-4616
6500
2971
81
7146
-6435
3115
-5553
-4497
1694
-6945
6998
-1420
4261
5743
-3382
6294
-7138
-377
-2694
-6617
4839
-5257
6817
2142
963
7076
-5997
3889
-6064
-3770
830
-7099
6778
-2273
4940
5162
-2571
6669
-7128
513
-3501
-6222
4153
-5823
7029
1281
1840
6909
-5469
4604
-6492
-2992
-63
-7154
6442
-3096
5544
4513
-1722
6935
-7009
1399
-4245
-5751
3400
-6283
7132
392
2673
6623
-4853
5246
-6817
-2164
-946
-7088
6006
-3871
6060
3789
-846
7096
-6781
2248
-4920
-5177
2588
-6662
7133
-492
3483
6232
-4167
5807
-7025
-1300
-1824
-6911
5484
-4589
6485
3011
42
7145
-6454
3073
-5529
-4527
1744
-6934
7012
-1372
4231
5764
-3416
6281
-7138
-413
-2662
-6637
4869
-5233
6811
2176
926
7087
-6012
3854
-6049
-3811
871
-7103
6788
-2233
4906
5190
-2610
6652
-7133
472
-3459
-6248
4182
-5795
7022
1320
1796
6912
-5492
4569
-6473
-3028
-18
-7146
6462
-3057
5516
4544
-1763
6931
-7016
1349
-4213
-5776
3436
-6268
7136
433
2644
6638
-4886
5212
-6801
-2195
-905
-7090
6026
-3833
6038
3821
-888
7091
-6795
2221
-4896
-5208
2627
-6650
7129
-459
3444
6258
-4200
5789
-7025
-1340
-1777
-6921
5502
-4558
6465
3048
2
7140
-6467
3042
-5503
-4559
1777
-6929
7022
-1337
4192
5788
-3449
6259
-7130
-456
-2623
-6647
4902
-5204
6795
2219
884
7089
-6043
3811
-6027
-3842
915
-7092
6794
-2189
4880
5220
-2648
6641
-7129
429
-3419
-6268
4216
-5768
7015
1357
1752
6930
-5523
4537
-6460
-3072
24
-7147
6485
-3023
5486
4575
-1797
6914
-7027
1312
-4171
-5800
3468
-6248
7127
476
2595
6652
-4923
5191
-6788
-2238
-863
-7094
6054
-3794
6017
3858
-934
7088
-6809
2167
-4863
-5236
2670
-6634
7128
-408
3404
6281
-4234
5756
-7014
-1379
-1736
-6935
5537
-4524
6452
3081
-48
7142
-6486
2997
-5475
-4599
1823
-6903
7028
-1297
4159
5816
-3485
0
1588
1168
1152
1360
1616
1556
1040
1360
1256
1066
2026
1508
1312
1192
1462
1549
1160
1324
1152
1926
1384
1853
1154
1684
1493
1750
1280
1280
1370
1538
1065
1362
1394
1241
1035
1521
1254
1159
1125
1862
1868
1766
1190
1988
1262
1152
1640
1674
1796
1594
1062
1445
1661
1067
1566
1526
2031
1401
1746
1222
1667
1205
1970
1822
1944
1931
1205
2009
1086
2037
1192
1258
1980
1738
1058
1152
1203
1891
1098
1154
1556
1350
1597
1940
1620
1580
1980
1802
1563
1238
1352
1346
1558
1599
1594
1549
1533
1274
1428
1109
1794
1770
1562
1686
1417
2010
1352
1110
1462
1250
1342
1906
1387
1764
1515
1180
1254
1867
1279
1135
1901
1151
1429
1750
1359
1683
1565
1062
1355
1884
1473
1045
1156
1650
1583
1428
1357
1773
1525
1099
1162
1164
1212
1126
1064
1418
1494
1210
1723
1025
1706
1913
1303
1350
1795
1162
1640
1530
1184
1170
1896
1459
1828
1402
1641
1149
1327
2037
1537
1745
1998
1315
1188
1030
1989
1935
1354
1192
1398
1832
1912
1295
1774
1113
1416
1158
1563
1791
1425
1780
1599
1926
1825
1061
1049
1668
1069
1146
1862
1834
1812
1356
1764
1402
1258
1806
1296
1940
1280
1910
1954
1561
1260
1341
1160
1113
1315
1239
1145
1788
1447
1167
1534
1921
1620
1662
1134
1090
1034
1220
1973
1484
1481
1769
1588
1553
1102
1202
1305
1225
1025
1378
1241
1186
1508
1603
1113
1204
1458
1350
1729
1425
1422
1179
1805
1751
1954
1137
1451
1962
1800
1466
1508
1025
1768
1341
1267
1385
1803
1462
1810
1985
1172
1168
-3894
5989
-7078
-976
-2132
-6823
5262
-4830
6620
2708
370
7138
-6297
3364
-5735
-4268
1421
-7004
6939
-1695
4488
5554
-3129
6433
-7155
-82
-2960
-6506
4626
-5452
6902
1862
1250
7027
-5829
4127
-6215
-3526
537
-7128
6684
-2542
5139
4963
-2298
6767
-7097
798
-3745
-6085
3914
-5979
7076
997
2104
6831
-5279
4815
-6603
-2724
-347
-7139
6310
-3346
5720
4286
-1449
6993
-6946
1673
-4471
-5577
3144
-6419
7143
109
2936
6515
-4642
5433
-6894
-1888
-1228
-7041
5845
-4102
6209
3544
-561
7119
-6689
2522
-5124
-4978
2320
-6757
7104
-779
3725
6096
-3932
5974
-7066
-1013
-2091
-6834
5290
-4797
6591
2745
325
7142
-6319
3327
-5708
-4305
1463
-6998
6950
-1651
4454
5586
-3159
6406
-7141
-127
-2923
-6518
4657
-5426
6887
1898
1208
7041
-5858
4092
-6201
-3562
583
-7120
6690
-2504
5113
4991
-2335
6751
-7106
754
-3707
-6107
3950
-5955
7069
1037
2069
6837
-5305
4785
-6586
-2762
-305
-7140
6330
-3313
5694
4318
-1483
6988
-6956
1633
-4443
-5600
3178
-6401
7144
145
2906
6532
-4670
5407
-6881
-1921
-1188
-7047
5866
-4074
6189
3574
-603
7116
-6695
2488
-5105
-5006
2351
-6745
7109
-743
3700
6118
-3959
5947
-7067
-1051
-2052
-6843
5323
-4774
6583
2776
294
7135
-6341
3297
-5681
-4326
1494
-6988
6966
-1618
4426
5610
-3193
6399
-7138
-169
-2888
-6542
4690
-5400
6879
1944
1173
7052
-5883
4057
-6182
-3597
627
-7119
6708
-2464
5090
5021
-2376
6739
-7109
718
-3674
-6132
3981
-5935
7063
1072
2030
6856
-5330
4761
-6573
-2803
-268
-7143
6353
-3281
5676
4350
-1518
6981
-6968
1593
-4409
-5625
3214
-6387
7146
186
2872
6544
-4700
5390
-6875
-1964
-1154
-7052
5895
-4043
6175
3612
-648
7120
-6716
2448
-5082
-5033
2401
-6736
7107
-701
3666
6144
-3994
5929
-7062
-1090
-2019
-6862
5346
-4747
6575
2813
247
7147
-6360
3267
-5664
-4363
1536
-6982
6974
-1582
4397
5638
-3229
6378
-7145
-211
-2855
-6553
4713
-5375
6869
1982
1133
7056
-5905
4028
-6157
-3627
660
-7116
6720
-2424
5060
5047
-2413
6726
-7109
674
-3645
-6147
4018
-5908
7052
1111
1994
6862
-5361
4725
-6555
-2836
-217
-7146
6375
-3244
5647
4384
-1564
6971
-6977
1555
-4377
-5640
3246
-6363
7142
238
2822
6561
-4735
5357
-6857
-2006
-1104
-7061
5921
-4009
6143
3650
-688
7111
-6730
2405
-5036
-5069
2436
-6717
7112
-651
3623
6162
-4033
5895
-7049
-1141
-1975
-6869
5375
-4708
6549
2856
199
7148
-6378
3221
-5633
-4397
1587
-6965
6983
-1535
4362
5664
-3267
6353
-7138
-255
-2816
-6575
4748
-5339
6862
2024
1085
7063
-5926
3994
-6135
-3665
708
-7105
6734
-2391
5027
5078
-2454
6712
-7120
634
-3612
-6169
4049
-5893
7050
1160
1958
6880
-5393
4703
-6539
-2872
-185
-7148
6387
-3208
5622
4410
-1604
6967
-6986
1515
-4346
-5672
3284
-6340
7141
269
2792
6577
-4762
5326
-6847
-2042
-1061
-7062
5932
-3969
6122
3680
-734
7107
-6743
2373
-5014
-5098
2475
-6703
7122
-613
3590
6179
-4065
5878
-7049
-1176
-1942
-6878
5399
-4683
6538
2891
172
7143
-6397
3193
-5607
-4424
1617
-6964
6992
-1496
4331
5680
-3301
6339
-7138
-294
-2777
-6583
4779
-5311
6844
2061
1046
7071
-5948
3960
-6111
-3695
745
-7105
6748
-2350
5001
5104
-2493
6695
-7118
596
-3572
-6189
4079
-5863
7045
1196
1920
6885
-5414
4668
-6520
-2916
-146
-7145
6414
-3170
5592
4444
-1643
6959
-6996
1473
-4312
-5700
3324
-6330
7140
314
2757
6593
-4793
5302
-6836
-2080
-1028
-7075
5957
-3936
6105
3715
-771
7106
-6757
2327
-4989
-5121
2519
-6693
7117
-576
3551
6198
-4096
5856
-7044
-1220
-1898
-6893
5425
-4652
6518
2935
120
7143
-6414
3148
-5580
-4461
1664
-6952
7005
-1460
4296
5711
-3340
6319
-7141
-331
-2740
-6605
4805
-5282
6827
2096
1006
7075
-5977
3922
-6090
-3736
788
-7101
6764
-2310
4977
5133
-2536
6683
-7127
551
-3538
-6210
4121
-5843
7038
1236
1876
6900
-5438
4631
-6505
-2954
-97
-7145
6422
-3133
5566
4481
-1684
6943
-7008
1435
-4274
-5720
3358
-6306
7144
359
2715
6612
-4826
5271
-6820
-2125
-987
-7082
5988
-3903
6080
3756
-809
7106
-6771
2288
-4955
-5143
2556
-6677
7124
-530
3516
6220
-4138
5827
-7032
-1257
-1858
-6900
5457
-4616
6500
2971
81
7146
-6435
3115
-5553
-4497
1694
-6945
6998
-1420
4261
5743
-3382
6294
-7138
-377
-2694
-6617
4839
-5257
6817
2142
963
7076
-5997
3889
-6064
-3770
830
-7099
6778
-2273
4940
5162
-2571
6669
-7128
513
-3501
-6222
4153
-5823
7029
1281
1840
6909
-5469
4604
-6492
-2992
-63
-7154
6442
-3096
5544
4513
-1722
6935
-7009
1399
-4245
-5751
3400
-6283
7132
392
2673
6623
-4853
5246
-6817
-2164
-946
-7088
6006
-3871
6060
3789
-846
7096
-6781
2248
-4920
-5177
2588
-6662
7133
-492
3483
6232
-4167
5807
-7025
-1300
-1824
-6911
5484
-4589
6485
3011
42
7145
-6454
3073
-5529
-4527
1744
-6934
7012
-1372
4231
5764
-3416
6281
-7138
-413
-2662
-6637
4869
-5233
6811
2176
926
7087
-6012
3854
-6049
-3811
871
-7103
6788
-2233
4906
5190
-2610
6652
-7133
472
-3459
-6248
4182
-5795
7022
1320
1796
6912
-5492
4569
-6473
-3028
-18
-7146
6462
-3057
5516
4544
-1763
6931
-7016
1349
-4213
-5776
3436
-6268
7136
433
2644
6638
-4886
5212
-6801
-2195
-905
-7090
6026
-3833
6038
3821
-888
7091
-6795
2221
-4896
-5208
2627
-6650
7129
-459
3444
6258
-4200
5789
-7025
-1340
-1777
-6921
5502
-4558
6465
3048
2
7140
-6467
3042
-5503
-4559
1777
-6929
7022
-1337
4192
5788
-3449
6259
-7130
-456
-2623
-6647
4902
-5204
6795
2219
884
7089
-6043
3811
-6027
-3842
915
-7092
6794
-2189
4880
5220
-2648
6641
-7129
429
-3419
-6268
4216
-5768
7015
1357
1752
6930
-5523
4537
-6460
-3072
24
-7147
6485
-3023
5486
4575
-1797
6914
-7027
1312
-4171
-5800
3468
-6248
7127
476
2595
6652
-4923
5191
-6788
-2238
-863
-7094
6054
-3794
6017
3858
-934
7088
-6809
2167
-4863
-5236
2670
-6634
7128
-408
3404
6281
-4234
5756
-7014
-1379
-1736
-6935
5537
-4524
6452
3081
-48
7142
-6486
2997
-5475
-4599
1823
-6903
7028
-1297
4159
5816
-3485
0
1588
1168
1152
1360
1616
1556
1040
1360
1256
1066
2026
1508
1312
1192
1462
1549
1160
1324
1152
1926
1384
1853
1154
1684
1493
1750
1280
1280
1370
1538
1065
1362
1394
1241
1035
1521
1254
1159
1125
1862
1868
1766
1190
1988
1262
1152
1640
1674
1796
1594
1062
1445
1661
1067
1566
1526
2031
1401
1746
1222
1667
1205
1970
1822
1944
1931
1205
2009
1086
2037
1192
1258
1980
1738
1058
1152
1203
1891
1098
1154
1556
1350
1597
1940
1620
1580
1980
1802
1563
1238
1352
1346
1558
1599
1594
1549
1533
1274
1428
1109
1794
1770
1562
1686
1417
2010
1352
1110
1462
1250
1342
1906
1387
1764
1515
1180
1254
1867
1279
1135
1901
1151
1429
1750
1359
1683
1565
1062
1355
1884
1473
1045
1156
1650
1583
1428
1357
1773
1525
1099
1162
1164
1212
1126
1064
1418
1494
1210
1723
1025
1706
1913
1303
1350
1795
1162
1640
1530
1184
1170
1896
1459
1828
1402
1641
1149
1327
2037
1537
1745
1998
1315
1188
1030
1989
1935
1354
1192
1398
1832
1912
1295
1774
1113
1416
1158
1563
1791
1425
1780
1599
1926
1825
1061
1049
1668
1069
1146
1862
1834
1812
1356
1764
1402
1258
1806
1296
1940
1280
1910
1954
1561
1260
1341
1160
1113
1315
1239
1145
1788
1447
1167
1534
1921
1620
1662
1134
1090
1034
1220
1973
1484
1481
1769
1588
1553
1102
1202
1305
1225
1025
1378
1241
1186
1508
1603
1113
1204
1458
1350
1729
1425
1422
1179
1805
1751
1954
1137
1451
1962
1800
1466
1508
1025
1768
1341
1267
1385
1803
1462
1810
1985
1172
1168
-3553
-6199
4104
-5849
7039
1220
1896
6893
-5431
4647
-6509
-2938
-116
-7145
6413
-3140
5577
4462
-1666
6950
-6995
1452
-4301
-5700
3341
-6309
7143
334
2735
6601
-4804
5283
-6831
-2101
-1008
-7078
5973
-3929
6095
3737
-787
7101
-6762
2318
-4972
-5135
2532
-6680
7126
-553
3536
6206
-4114
5845
-7040
-1243
-1878
-6897
5443
-4633
6508
2955
98
7149
-6425
3136
-5569
-4477
1682
-6948
7003
-1436
4283
5727
-3362
6308
-7139
-354
-2719
-6609
4824
-5268
6825
2119
985
7080
-5980
3905
-6080
-3755
811
-7100
6766
-2290
4960
5154
-2548
6674
-7127
536
-3516
-6220
4136
-5834
7045
1262
1858
6904
-5455
4618
-6502
-2978
-76
-7144
6431
-3116
5549
4500
-1707
6943
-7006
1413
-4262
-5733
3380
-6298
7138
377
2701
6617
-4840
5257
-6819
-2143
-968
-7088
6001
-3887
6074
3777
-832
7098
-6777
2270
-4936
-5164
2573
-6668
7130
-515
3495
6235
-4147
5818
-7028
-1279
-1836
-6908
5471
-4599
6494
2996
58
7147
-6445
3091
-5538
-4517
1726
-6935
7009
-1389
4240
5745
-3401
6286
-7133
-400
-2674
-6622
4858
-5242
6808
2163
944
7085
-6011
3870
-6056
-3790
851
-7099
6783
-2251
4927
5184
-2591
6660
-7125
494
-3482
-6239
4170
-5806
7028
1295
1820
6909
-5480
4584
-6487
-3006
-41
-7148
6446
-3082
5530
4528
-1736
6931
-7014
1380
-4225
-5761
3412
-6282
7134
415
2659
6632
-4868
5234
-6804
-2176
-930
-7083
6011
-3855
6051
3803
-863
7101
-6786
2233
-4913
-5189
2611
-6656
7133
-476
3465
6251
-4185
5792
-7029
-1316
-1798
-6922
5492
-4568
6477
3027
19
7141
-6457
3062
-5521
-4544
1760
-6925
7020
-1361
4213
5775
-3432
6272
-7136
-431
-2640
-6637
4879
-5214
6806
2197
909
7084
-6032
3835
-6037
-3825
884
-7090
6792
-2215
4898
5201
-2627
6644
-7131
454
-3451
-6255
4199
-5788
7023
1330
1786
6923
-5507
4556
-6468
-3037
1
-7153
6461
-3042
5508
4560
-1774
6920
-7016
1343
-4203
-5782
3443
-6260
7134
447
2625
6646
-4893
5205
-6796
-2217
-887
-7093
6039
-3818
6028
3840
-908
7090
-6800
2197
-4882
-5224
2649
-6641
7134
-430
3423
6267
-4220
5771
-7015
-1357
-1759
-6926
5523
-4537
6458
3064
-19
7148
-6477
3016
-5493
-4574
1806
-6921
7026
-1338
4180
5804
-3466
6245
-7129
-476
-2599
-6656
4914
-5189
6783
2231
863
7092
-6051
3800
-6017
-3858
928
-7084
6803
-2176
4867
5236
-2661
6636
-7136
411
-3406
-6280
4233
-5763
7014
1375
1736
6928
-5531
4528
-6453
-3077
35
-7144
6483
-3004
5484
4587
-1818
6911
-7027
1296
-4165
-5815
3485
-6240
7128
490
2579
6660
-4927
5173
-6785
-2255
-845
-7094
6059
-3785
6010
3873
-948
7082
-6814
2160
-4852
-5250
2680
-6626
7139
-392
3391
6294
-4250
5748
-7008
-1398
-1715
-6934
5546
-4506
6435
3102
-68
7138
-6499
2982
-5466
-4606
1842
-6906
7028
-1268
4140
5822
-3505
6229
-7127
-524
-2566
-6674
4950
-5163
6773
2278
826
7101
-6074
3759
-5990
-3889
971
-7078
6821
-2141
4839
5266
-2704
6614
-7138
371
-3369
-6304
4261
-5732
7006
1417
1694
6941
-5563
4494
-6433
-3121
89
-7147
6504
-2963
5450
4623
-1862
6899
-7037
1245
-4123
-5830
3520
-6223
7127
537
2548
6674
-4960
5148
-6769
-2294
-805
-7098
6090
-3751
5982
3906
-990
7079
-6827
2114
-4823
-5275
2721
-6604
7133
-349
3357
6311
-4281
5719
-6997
-1437
-1676
-6950
5567
-4479
6421
3131
-108
7142
-6508
2944
-5441
-4637
1877
-6887
7040
-1233
4113
5847
-3534
6209
-7122
-560
-2528
-6682
4974
-5136
6760
2315
785
7102
-6098
3732
-5971
-3923
1007
-7070
6831
-2093
4807
5289
-2744
6601
-7142
325
-3339
-6325
4296
-5707
6993
1456
1656
6952
-5576
4460
-6413
-3148
126
-7137
6516
-2934
5425
4651
-1896
6888
-7042
1215
-4099
-5859
3555
-6200
7124
576
2504
6694
-4982
5115
-6751
-2343
-763
-7107
6112
-3718
5959
3939
-1025
7069
-6841
2076
-4790
-5302
2759
-6595
7136
-307
3321
6329
-4314
5696
-6991
-1482
-1629
-6962
5599
-4438
6399
3173
-154
7143
-6526
2901
-5413
-4667
1923
-6879
7046
-1193
4082
5868
-3576
6188
-7123
-605
-2485
-6708
5003
-5104
6746
2361
738
7110
-6119
3695
-5948
-3959
1054
-7065
6856
-2056
4767
5320
-2780
6580
-7139
280
-3298
-6336
4331
-5680
6982
1501
1616
6968
-5613
4423
-6394
-3194
175
-7151
6536
-2882
5398
4686
-1944
6875
-7051
1170
-4066
-5882
3598
-6170
7117
623
2462
6704
-5017
5088
-6740
-2374
-718
-7114
6128
-3684
5934
3983
-1073
7062
-6854
2036
-4756
-5335
2798
-6571
7147
-263
3279
6347
-4343
5668
-6985
-1519
-1599
-6972
5621
-4412
6384
3213
-187
7148
-6546
2874
-5384
-4693
1961
-6871
7052
-1150
4043
5889
-3618
6165
-7115
-647
-2450
-6718
5032
-5076
6732
2392
702
7116
-6137
3666
-5929
-3998
1091
-7057
6860
-2023
4745
5346
-2819
6564
-7148
244
-3266
-6361
4364
-5660
6978
1542
1575
6968
-5640
4394
-6371
-3232
211
-7142
6551
-2847
5365
4712
-1980
6864
-7055
1126
-4024
-5904
3631
-6158
7116
666
2434
6720
-5049
5059
-6719
-2418
-682
-7118
6147
-3647
5912
4011
-1111
7060
-6862
2007
-4734
-5360
2834
-6556
7147
-228
3248
6367
-4372
5650
-6977
-1557
-1561
-6978
5646
-4385
6370
3245
-227
7141
-6559
2842
-5356
-4723
1996
-6858
7058
-1117
4012
5909
-3640
6150
-7114
-678
-2414
-6717
5056
-5045
6722
2432
657
7119
-6158
3625
-5901
-4031
1150
-7065
6872
-1983
4713
5370
-2854
6551
-7142
210
-3236
-6380
4393
-5634
6973
1576
1541
6985
-5662
4364
-6360
-3268
249
-7143
6568
-2821
5342
4749
-2019
6851
-7065
1094
-3993
-5922
3662
-6136
7111
697
2395
6731
-5070
5034
-6712
-2455
-646
-7120
6175
-3612
5895
4048
-1151
7057
-6880
1963
-4700
-5382
2877
-6547
7143
-187
3208
6385
-4409
5615
-6968
-1599
-1522
-6982
5667
-4343
6352
3283
-274
7143
-6570
2799
-5328
-4763
2040
-6851
7069
-1072
3980
5939
-3682
6122
-7118
-730
-2371
-6744
5089
-5016
6706
2470
622
7116
-6174
3592
-5876
-4062
1171
-7049
6878
-1945
4684
5396
-2891
6536
-7146
169
-3197
-6396
4425
-5609
6959
1615
1494
6992
-5686
4326
-6341
-3300
287
-7143
6579
-2778
5317
4771
-2053
6845
-7069
1059
-3963
0
1588
1168
1152
1360
1616
1556
1040
1360
1256
1066
2026
1508
1312
1192
1462
1549
1160
1324
1152
1926
1384
1853
1154
1684
1493
1750
1280
1280
1370
1538
1065
1362
1394
1241
1035
1521
1254
1159
1125
1862
1868
1766
1190
1988
1262
1152
1640
1674
1796
1594
1062
1445
1661
1067
1566
1526
2031
1401
1746
1222
1667
1205
1970
1822
1944
1931
1205
2009
1086
2037
1192
1258
1980
1738
1058
1152
1203
1891
1098
1154
1556
1350
1597
1940
1620
1580
1980
1802
1563
1238
1352
1346
1558
1599
1594
1549
1533
1274
1428
1109
1794
1770
1562
1686
1417
2010
1352
1110
1462
1250
1342
1906
1387
1764
1515
1180
1254
1867
1279
1135
1901
1151
1429
1750
1359
1683
1565
1062
1355
1884
1473
1045
1156
1650
1583
1428
1357
1773
1525
1099
1162
1164
1212
1126
1064
1418
1494
1210
1723
1025
1706
1913
1303
1350
1795
1162
1640
1530
1184
1170
1896
1459
1828
1402
1641
1149
1327
2037
1537
1745
1998
1315
1188
1030
1989
1935
1354
1192
1398
1832
1912
1295
1774
1113
1416
1158
1563
1791
1425
1780
1599
1926
1825
1061
1049
1668
1069
1146
1862
1834
1812
1356
1764
1402
1258
1806
1296
1940
1280
1910
1954
1561
1260
1341
1160
1113
1315
1239
1145
1788
1447
1167
1534
1921
1620
1662
1134
1090
1034
1220
1973
1484
1481
1769
1588
1553
1102
1202
1305
1225
1025
1378
1241
1186
1508
1603
1113
1204
1458
1350
1729
1425
1422
1179
1805
1751
1954
1137
1451
1962
1800
1466
1508
1025
1768
1341
1267
1385
1803
1462
1810
1985
1172
1168
-3553
-6199
4104
-5849
7039
1220
1896
6893
-5431
4647
-6509
-2938
-116
-7145
6413
-3140
5577
4462
-1666
6950
-6995
1452
-4301
-5700
3341
-6309
7143
334
2735
6601
-4804
5283
-6831
-2101
-1008
-7078
5973
-3929
6095
3737
-787
7101
-6762
2318
-4972
-5135
2532
-6680
7126
-553
3536
6206
-4114
5845
-7040
-1243
-1878
-6897
5443
-4633
6508
2955
98
7149
-6425
3136
-5569
-4477
1682
-6948
7003
-1436
4283
5727
-3362
6308
-7139
-354
-2719
-6609
4824
-5268
6825
2119
985
7080
-5980
3905
-6080
-3755
811
-7100
6766
-2290
4960
5154
-2548
6674
-7127
536
-3516
-6220
4136
-5834
7045
1262
1858
6904
-5455
4618
-6502
-2978
-76
-7144
6431
-3116
5549
4500
-1707
6943
-7006
1413
-4262
-5733
3380
-6298
7138
377
2701
6617
-4840
5257
-6819
-2143
-968
-7088
6001
-3887
6074
3777
-832
7098
-6777
2270
-4936
-5164
2573
-6668
7130
-515
3495
6235
-4147
5818
-7028
-1279
-1836
-6908
5471
-4599
6494
2996
58
7147
-6445
3091
-5538
-4517
1726
-6935
7009
-1389
4240
5745
-3401
6286
-7133
-400
-2674
-6622
4858
-5242
6808
2163
944
7085
-6011
3870
-6056
-3790
851
-7099
6783
-2251
4927
5184
-2591
6660
-7125
494
-3482
-6239
4170
-5806
7028
1295
1820
6909
-5480
4584
-6487
-3006
-41
-7148
6446
-3082
5530
4528
-1736
6931
-7014
1380
-4225
-5761
3412
-6282
7134
415
2659
6632
-4868
5234
-6804
-2176
-930
-7083
6011
-3855
6051
3803
-863
7101
-6786
2233
-4913
-5189
2611
-6656
7133
-476
3465
6251
-4185
5792
-7029
-1316
-1798
-6922
5492
-4568
6477
3027
19
7141
-6457
3062
-5521
-4544
1760
-6925
7020
-1361
4213
5775
-3432
6272
-7136
-431
-2640
-6637
4879
-5214
6806
2197
909
7084
-6032
3835
-6037
-3825
884
-7090
6792
-2215
4898
5201
-2627
6644
-7131
454
-3451
-6255
4199
-5788
7023
1330
1786
6923
-5507
4556
-6468
-3037
1
-7153
6461
-3042
5508
4560
-1774
6920
-7016
1343
-4203
-5782
3443
-6260
7134
447
2625
6646
-4893
5205
-6796
-2217
-887
-7093
6039
-3818
6028
3840
-908
7090
-6800
2197
-4882
-5224
2649
-6641
7134
-430
3423
6267
-4220
5771
-7015
-1357
-1759
-6926
5523
-4537
6458
3064
-19
7148
-6477
3016
-5493
-4574
1806
-6921
7026
-1338
4180
5804
-3466
6245
-7129
-476
-2599
-6656
4914
-5189
6783
2231
863
7092
-6051
3800
-6017
-3858
928
-7084
6803
-2176
4867
5236
-2661
6636
-7136
411
-3406
-6280
4233
-5763
7014
1375
1736
6928
-5531
4528
-6453
-3077
35
-7144
6483
-3004
5484
4587
-1818
6911
-7027
1296
-4165
-5815
3485
-6240
7128
490
2579
6660
-4927
5173
-6785
-2255
-845
-7094
6059
-3785
6010
3873
-948
7082
-6814
2160
-4852
-5250
2680
-6626
7139
-392
3391
6294
-4250
5748
-7008
-1398
-1715
-6934
5546
-4506
6435
3102
-68
7138
-6499
2982
-5466
-4606
1842
-6906
7028
-1268
4140
5822
-3505
6229
-7127
-524
-2566
-6674
4950
-5163
6773
2278
826
7101
-6074
3759
-5990
-3889
971
-7078
6821
-2141
4839
5266
-2704
6614
-7138
371
-3369
-6304
4261
-5732
7006
1417
1694
6941
-5563
4494
-6433
-3121
89
-7147
6504
-2963
5450
4623
-1862
6899
-7037
1245
-4123
-5830
3520
-6223
7127
537
2548
6674
-4960
5148
-6769
-2294
-805
-7098
6090
-3751
5982
3906
-990
7079
-6827
2114
-4823
-5275
2721
-6604
7133
-349
3357
6311
-4281
5719
-6997
-1437
-1676
-6950
5567
-4479
6421
3131
-108
7142
-6508
2944
-5441
-4637
1877
-6887
7040
-1233
4113
5847
-3534
6209
-7122
-560
-2528
-6682
4974
-5136
6760
2315
785
7102
-6098
3732
-5971
-3923
1007
-7070
6831
-2093
4807
5289
-2744
6601
-7142
325
-3339
-6325
4296
-5707
6993
1456
1656
6952
-5576
4460
-6413
-3148
126
-7137
6516
-2934
5425
4651
-1896
6888
-7042
1215
-4099
-5859
3555
-6200
7124
576
2504
6694
-4982
5115
-6751
-2343
-763
-7107
6112
-3718
5959
3939
-1025
7069
-6841
2076
-4790
-5302
2759
-6595
7136
-307
3321
6329
-4314
5696
-6991
-1482
-1629
-6962
5599
-4438
6399
3173
-154
7143
-6526
2901
-5413
-4667
1923
-6879
7046
-1193
4082
5868
-3576
6188
-7123
-605
-2485
-6708
5003
-5104
6746
2361
738
7110
-6119
3695
-5948
-3959
1054
-7065
6856
-2056
4767
5320
-2780
6580
-7139
280
-3298
-6336
4331
-5680
6982
1501
1616
6968
-5613
4423
-6394
-3194
175
-7151
6536
-2882
5398
4686
-1944
6875
-7051
1170
-4066
-5882
3598
-6170
7117
623
2462
6704
-5017
5088
-6740
-2374
-718
-7114
6128
-3684
5934
3983
-1073
7062
-6854
2036
-4756
-5335
2798
-6571
7147
-263
3279
6347
-4343
5668
-6985
-1519
-1599
-6972
5621
-4412
6384
3213
-187
7148
-6546
2874
-5384
-4693
1961
-6871
7052
-1150
4043
5889
-3618
6165
-7115
-647
-2450
-6718
5032
-5076
6732
2392
702
7116
-6137
3666
-5929
-3998
1091
-7057
6860
-2023
4745
5346
-2819
6564
-7148
244
-3266
-6361
4364
-5660
6978
1542
1575
6968
-5640
4394
-6371
-3232
211
-7142
6551
-2847
5365
4712
-1980
6864
-7055
1126
-4024
-5904
3631
-6158
7116
666
2434
6720
-5049
5059
-6719
-2418
-682
-7118
6147
-3647
5912
4011
-1111
7060
-6862
2007
-4734
-5360
2834
-6556
7147
-228
3248
6367
-4372
5650
-6977
-1557
-1561
-6978
5646
-4385
6370
3245
-227
7141
-6559
2842
-5356
-4723
1996
-6858
7058
-1117
4012
5909
-3640
6150
-7114
-678
-2414
-6717
5056
-5045
6722
2432
657
7119
-6158
3625
-5901
-4031
1150
-7065
6872
-1983
4713
5370
-2854
6551
-7142
210
-3236
-6380
4393
-5634
6973
1576
1541
6985
-5662
4364
-6360
-3268
249
-7143
6568
-2821
5342
4749
-2019
6851
-7065
1094
-3993
-5922
3662
-6136
7111
697
2395
6731
-5070
5034
-6712
-2455
-646
-7120
6175
-3612
5895
4048
-1151
7057
-6880
1963
-4700
-5382
2877
-6547
7143
-187
3208
6385
-4409
5615
-6968
-1599
-1522
-6982
5667
-4343
6352
3283
-274
7143
-6570
2799
-5328
-4763
2040
-6851
7069
-1072
3980
5939
-3682
6122
-7118
-730
-2371
-6744
5089
-5016
6706
2470
622
7116
-6174
3592
-5876
-4062
1171
-7049
6878
-1945
4684
5396
-2891
6536
-7146
169
-3197
-6396
4425
-5609
6959
1615
1494
6992
-5686
4326
-6341
-3300
287
-7143
6579
-2778
5317
4771
-2053
6845
-7069
1059
-3963
0
1588
1168
1152
1360
1616
1556
1040
1360
1256
1066
2026
1508
1312
1192
1462
1549
1160
1324
1152
1926
1384
1853
1154
1684
1493
1750
1280
1280
1370
1538
1065
1362
1394
1241
1035
1521
1254
1159
1125
1862
1868
1766
1190
1988
1262
1152
1640
1674
1796
1594
1062
1445
1661
1067
1566
1526
2031
1401
1746
1222
1667
1205
1970
1822
1944
1931
1205
2009
1086
2037
1192
1258
1980
1738
1058
1152
1203
1891
1098
1154
1556
1350
1597
1940
1620
1580
1980
1802
1563
1238
1352
1346
1558
1599
1594
1549
1533
1274
1428
1109
1794
1770
1562
1686
1417
2010
1352
1110
1462
1250
1342
1906
1387
1764
1515
1180
1254
1867
1279
1135
1901
1151
1429
1750
1359
1683
1565
1062
1355
1884
1473
1045
1156
1650
1583
1428
1357
1773
1525
1099
1162
1164
1212
1126
1064
1418
1494
1210
1723
1025
1706
1913
1303
1350
1795
1162
1640
1530
1184
1170
1896
1459
1828
1402
1641
1149
1327
2037
1537
1745
1998
1315
1188
1030
1989
1935
1354
1192
1398
1832
1912
1295
1774
1113
1416
1158
1563
1791
1425
1780
1599
1926
1825
1061
1049
1668
1069
1146
1862
1834
1812
1356
1764
1402
1258
1806
1296
1940
1280
1910
1954
1561
1260
1341
1160
1113
1315
1239
1145
1788
1447
1167
1534
1921
1620
1662
1134
1090
1034
1220
1973
1484
1481
1769
1588
1553
1102
1202
1305
1225
1025
1378
1241
1186
1508
1603
1113
1204
1458
1350
1729
1425
1422
1179
1805
1751
1954
1137
1451
1962
1800
1466
1508
1025
1768
1341
1267
1385
1803
1462
1810
1985
1172
1168
-3553
-6199
4104
-5849
7039
1220
1896
6893
-5431
4647
-6509
-2938
-116
-7145
6413
-3140
5577
4462
-1666
6950
-6995
1452
-4301
-5700
3341
-6309
7143
334
2735
6601
-4804
5283
-6831
-2101
-1008
-7078
5973
-3929
6095
3737
-787
7101
-6762
2318
-4972
-5135
2532
-6680
7126
-553
3536
6206
-4114
5845
-7040
-1243
-1878
-6897
5443
-4633
6508
2955
98
7149
-6425
3136
-5569
-4477
1682
-6948
7003
-1436
4283
5727
-3362
6308
-7139
-354
-2719
-6609
4824
-5268
6825
2119
985
7080
-5980
3905
-6080
-3755
811
-7100
6766
-2290
4960
5154
-2548
6674
-7127
536
-3516
-6220
4136
-5834
7045
1262
1858
6904
-5455
4618
-6502
-2978
-76
-7144
6431
-3116
5549
4500
-1707
6943
-7006
1413
-4262
-5733
3380
-6298
7138
377
2701
6617
-4840
5257
-6819
-2143
-968
-7088
6001
-3887
6074
3777
-832
7098
-6777
2270
-4936
-5164
2573
-6668
7130
-515
3495
6235
-4147
5818
-7028
-1279
-1836
-6908
5471
-4599
6494
2996
58
7147
-6445
3091
-5538
-4517
1726
-6935
7009
-1389
4240
5745
-3401
6286
-7133
-400
-2674
-6622
4858
-5242
6808
2163
944
7085
-6011
3870
-6056
-3790
851
-7099
6783
-2251
4927
5184
-2591
6660
-7125
494
-3482
-6239
4170
-5806
7028
1295
1820
6909
-5480
4584
-6487
-3006
-41
-7148
6446
-3082
5530
4528
-1736
6931
-7014
1380
-4225
-5761
3412
-6282
7134
415
2659
6632
-4868
5234
-6804
-2176
-930
-7083
6011
-3855
6051
3803
-863
7101
-6786
2233
-4913
-5189
2611
-6656
7133
-476
3465
6251
-4185
5792
-7029
-1316
-1798
-6922
5492
-4568
6477
3027
19
7141
-6457
3062
-5521
-4544
1760
-6925
7020
-1361
4213
5775
-3432
6272
-7136
-431
-2640
-6637
4879
-5214
6806
2197
909
7084
-6032
3835
-6037
-3825
884
-7090
6792
-2215
4898
5201
-2627
6644
-7131
454
-3451
-6255
4199
-5788
7023
1330
1786
6923
-5507
4556
-6468
-3037
1
-7153
6461
-3042
5508
4560
-1774
6920
-7016
1343
-4203
-5782
3443
-6260
7134
447
2625
6646
-4893
5205
-6796
-2217
-887
-7093
6039
-3818
6028
3840
-908
7090
-6800
2197
-4882
-5224
2649
-6641
7134
-430
3423
6267
-4220
5771
-7015
-1357
-1759
-6926
5523
-4537
6458
3064
-19
7148
-6477
3016
-5493
-4574
1806
-6921
7026
-1338
4180
5804
-3466
6245
-7129
-476
-2599
-6656
4914
-5189
6783
2231
863
7092
-6051
3800
-6017
-3858
928
-7084
6803
-2176
4867
5236
-2661
6636
-7136
411
-3406
-6280
4233
-5763
7014
1375
1736
6928
-5531
4528
-6453
-3077
35
-7144
6483
-3004
5484
4587
-1818
6911
-7027
1296
-4165
-5815
3485
-6240
7128
490
2579
6660
-4927
5173
-6785
-2255
-845
-7094
6059
-3785
6010
3873
-948
7082
-6814
2160
-4852
-5250
2680
-6626
7139
-392
3391
6294
-4250
5748
-7008
-1398
-1715
-6934
5546
-4506
6435
3102
-68
7138
-6499
2982
-5466
-4606
1842
-6906
7028
-1268
4140
5822
-3505
6229
-7127
-524
-2566
-6674
4950
-5163
6773
2278
826
7101
-6074
3759
-5990
-3889
971
-7078
6821
-2141
4839
5266
-2704
6614
-7138
371
-3369
-6304
4261
-5732
7006
1417
1694
6941
-5563
4494
-6433
-3121
89
-7147
6504
-2963
5450
4623
-1862
6899
-7037
1245
-4123
-5830
3520
-6223
7127
537
2548
6674
-4960
5148
-6769
-2294
-805
-7098
6090
-3751
5982
3906
-990
7079
-6827
2114
-4823
-5275
2721
-6604
7133
-349
3357
6311
-4281
5719
-6997
-1437
-1676
-6950
5567
-4479
6421
3131
-108
7142
-6508
2944
-5441
-4637
1877
-6887
7040
-1233
4113
5847
-3534
6209
-7122
-560
-2528
-6682
4974
-5136
6760
2315
785
7102
-6098
3732
-5971
-3923
1007
-7070
6831
-2093
4807
5289
-2744
6601
-7142
325
-3339
-6325
4296
-5707
6993
1456
1656
6952
-5576
4460
-6413
-3148
126
-7137
6516
-2934
5425
4651
-1896
6888
-7042
1215
-4099
-5859
3555
-6200
7124
576
2504
6694
-4982
5115
-6751
-2343
-763
-7107
6112
-3718
5959
3939
-1025
7069
-6841
2076
-4790
-5302
2759
-6595
7136
-307
3321
6329
-4314
5696
-6991
-1482
-1629
-6962
5599
-4438
6399
3173
-154
7143
-6526
2901
-5413
-4667
1923
-6879
7046
-1193
4082
5868
-3576
6188
-7123
-605
-2485
-6708
5003
-5104
6746
2361
738
7110
-6119
3695
-5948
-3959
1054
-7065
6856
-2056
4767
5320
-2780
6580
-7139
280
-3298
-6336
4331
-5680
6982
1501
1616
6968
-5613
4423
-6394
-3194
175
-7151
6536
-2882
5398
4686
-1944
6875
-7051
1170
-4066
-5882
3598
-6170
7117
623
2462
6704
-5017
5088
-6740
-2374
-718
-7114
6128
-3684
5934
3983
-1073
7062
-6854
2036
-4756
-5335
2798
-6571
7147
-263
3279
6347
-4343
5668
-6985
-1519
-1599
-6972
5621
-4412
6384
3213
-187
7148
-6546
2874
-5384
-4693
1961
-6871
7052
-1150
4043
5889
-3618
6165
-7115
-647
-2450
-6718
5032
-5076
6732
2392
702
7116
-6137
3666
-5929
-3998
1091
-7057
6860
-2023
4745
5346
-2819
6564
-7148
244
-3266
-6361
4364
-5660
6978
1542
1575
6968
-5640
4394
-6371
-3232
211
-7142
6551
-2847
5365
4712
-1980
6864
-7055
1126
-4024
-5904
3631
-6158
7116
666
2434
6720
-5049
5059
-6719
-2418
-682
-7118
6147
-3647
5912
4011
-1111
7060
-6862
2007
-4734
-5360
2834
-6556
7147
-228
3248
6367
-4372
5650
-6977
-1557
-1561
-6978
5646
-4385
6370
3245
-227
7141
-6559
2842
-5356
-4723
1996
-6858
7058
-1117
4012
5909
-3640
6150
-7114
-678
-2414
-6717
5056
-5045
6722
2432
657
7119
-6158
3625
-5901
-4031
1150
-7065
6872
-1983
4713
5370
-2854
6551
-7142
210
-3236
-6380
4393
-5634
6973
1576
1541
6985
-5662
4364
-6360
-3268
249
-7143
6568
-2821
5342
4749
-2019
6851
-7065
1094
-3993
-5922
3662
-6136
7111
697
2395
6731
-5070
5034
-6712
-2455
-646
-7120
6175
-3612
5895
4048
-1151
7057
-6880
1963
-4700
-5382
2877
-6547
7143
-187
3208
6385
-4409
5615
-6968
-1599
-1522
-6982
5667
-4343
6352
3283
-274
7143
-6570
2799
-5328
-4763
2040
-6851
7069
-1072
3980
5939
-3682
6122
-7118
-730
-2371
-6744
5089
-5016
6706
2470
622
7116
-6174
3592
-5876
-4062
1171
-7049
6878
-1945
4684
5396
-2891
6536
-7146
169
-3197
-6396
4425
-5609
6959
1615
1494
6992
-5686
4326
-6341
-3300
287
-7143
6579
-2778
5317
4771
-2053
6845
-7069
1059
-3963
0
1588
1168
1152
1360
1616
1556
1040
1360
1256
1066
2026
1508
1312
1192
1462
1549
1160
1324
1152
1926
1384
1853
1154
1684
1493
1750
1280
1280
1370
1538
1065
1362
1394
1241
1035
1521
1254
1159
1125
1862
1868
1766
1190
1988
1262
1152
1640
1674
1796
1594
1062
1445
1661
1067
1566
1526
2031
1401
1746
1222
1667
1205
1970
1822
1944
1931
1205
2009
1086
2037
1192
1258
1980
1738
1058
1152
1203
1891
1098
1154
1556
1350
1597
1940
1620
1580
1980
1802
1563
1238
1352
1346
1558
1599
1594
1549
1533
1274
1428
1109
1794
1770
1562
1686
1417
2010
1352
1110
1462
1250
1342
1906
1387
1764
1515
1180
1254
1867
1279
1135
1901
1151
1429
1750
1359
1683
1565
1062
1355
1884
1473
1045
1156
1650
1583
1428
1357
1773
1525
1099
1162
1164
1212
1126
1064
1418
1494
1210
1723
1025
1706
1913
1303
1350
1795
1162
1640
1530
1184
1170
1896
1459
1828
1402
1641
1149
1327
2037
1537
1745
1998
1315
1188
1030
1989
1935
1354
1192
1398
1832
1912
1295
1774
1113
1416
1158
1563
1791
1425
1780
1599
1926
1825
1061
1049
1668
1069
1146
1862
1834
1812
1356
1764
1402
1258
1806
1296
1940
1280
1910
1954
1561
1260
1341
1160
1113
1315
1239
1145
1788
1447
1167
1534
1921
1620
1662
1134
1090
1034
1220
1973
1484
1481
1769
1588
1553
1102
1202
1305
1225
1025
1378
1241
1186
1508
1603
1113
1204
1458
1350
1729
1425
1422
1179
1805
1751
1954
1137
1451
1962
1800
1466
1508
1025
1768
1341
1267
1385
1803
1462
1810
1985
1172
1168
-3553
-6199
4104
-5849
7039
1220
1896
6893
-5431
4647
-6509
-2938
-116
-7145
6413
-3140
5577
4462
-1666
6950
-6995
1452
-4301
-5700
3341
-6309
7143
334
2735
6601
-4804
5283
-6831
-2101
-1008
-7078
5973
-3929
6095
3737
-787
7101
-6762
2318
-4972
-5135
2532
-6680
7126
-553
3536
6206
-4114
5845
-7040
-1243
-1878
-6897
5443
-4633
6508
2955
98
7149
-6425
3136
-5569
-4477
1682
-6948
7003
-1436
4283
5727
-3362
6308
-7139
-354
-2719
-6609
4824
-5268
6825
2119
985
7080
-5980
3905
-6080
-3755
811
-7100
6766
-2290
4960
5154
-2548
6674
-7127
536
-3516
-6220
4136
-5834
7045
1262
1858
6904
-5455
4618
-6502
-2978
-76
-7144
6431
-3116
5549
4500
-1707
6943
-7006
1413
-4262
-5733
3380
-6298
7138
377
2701
6617
-4840
5257
-6819
-2143
-968
-7088
6001
-3887
6074
3777
-832
7098
-6777
2270
-4936
-5164
2573
-6668
7130
-515
3495
6235
-4147
5818
-7028
-1279
-1836
-6908
5471
-4599
6494
2996
58
7147
-6445
3091
-5538
-4517
1726
-6935
7009
-1389
4240
5745
-3401
6286
-7133
-400
-2674
-6622
4858
-5242
6808
2163
944
7085
-6011
3870
-6056
-3790
851
-7099
6783
-2251
4927
5184
-2591
6660
-7125
494
-3482
-6239
4170
-5806
7028
1295
1820
6909
-5480
4584
-6487
-3006
-41
-7148
6446
-3082
5530
4528
-1736
6931
-7014
1380
-4225
-5761
3412
-6282
7134
415
2659
6632
-4868
5234
-6804
-2176
-930
-7083
6011
-3855
6051
3803
-863
7101
-6786
2233
-4913
-5189
2611
-6656
7133
-476
3465
6251
-4185
5792
-7029
-1316
-1798
-6922
5492
-4568
6477
3027
19
7141
-6457
3062
-5521
-4544
1760
-6925
7020
-1361
4213
5775
-3432
6272
-7136
-431
-2640
-6637
4879
-5214
6806
2197
909
7084
-6032
3835
-6037
-3825
884
-7090
6792
-2215
4898
5201
-2627
6644
-7131
454
-3451
-6255
4199
-5788
7023
1330
1786
6923
-5507
4556
-6468
-3037
1
-7153
6461
-3042
5508
4560
-1774
6920
-7016
1343
-4203
-5782
3443
-6260
7134
447
2625
6646
-4893
5205
-6796
-2217
-887
-7093
6039
-3818
6028
3840
-908
7090
-6800
2197
-4882
-5224
2649
-6641
7134
-430
3423
6267
-4220
5771
-7015
-1357
-1759
-6926
5523
-4537
6458
3064
-19
7148
-6477
3016
-5493
-4574
1806
-6921
7026
-1338
4180
5804
-3466
6245
-7129
-476
-2599
-6656
4914
-5189
6783
2231
863
7092
-6051
3800
-6017
-3858
928
-7084
6803
-2176
4867
5236
-2661
6636
-7136
411
-3406
-6280
4233
-5763
7014
1375
1736
6928
-5531
4528
-6453
-3077
35
-7144
6483
-3004
5484
4587
-1818
6911
-7027
1296
-4165
-5815
3485
-6240
7128
490
2579
6660
-4927
5173
-6785
-2255
-845
-7094
6059
-3785
6010
3873
-948
7082
-6814
2160
-4852
-5250
2680
-6626
7139
-392
3391
6294
-4250
5748
-7008
-1398
-1715
-6934
5546
-4506
6435
3102
-68
7138
-6499
2982
-5466
-4606
1842
-6906
7028
-1268
4140
5822
-3505
6229
-7127
-524
-2566
-6674
4950
-5163
6773
2278
826
7101
-6074
3759
-5990
-3889
971
-7078
6821
-2141
4839
5266
-2704
6614
-7138
371
-3369
-6304
4261
-5732
7006
1417
1694
6941
-5563
4494
-6433
-3121
89
-7147
6504
-2963
5450
4623
-1862
6899
-7037
1245
-4123
-5830
3520
-6223
7127
537
2548
6674
-4960
5148
-6769
-2294
-805
-7098
6090
-3751
5982
3906
-990
7079
-6827
2114
-4823
-5275
2721
-6604
7133
-349
3357
6311
-4281
5719
-6997
-1437
-1676
-6950
5567
-4479
6421
3131
-108
7142
-6508
2944
-5441
-4637
1877
-6887
7040
-1233
4113
5847
-3534
6209
-7122
-560
-2528
-6682
4974
-5136
6760
2315
785
7102
-6098
3732
-5971
-3923
1007
-7070
6831
-2093
4807
5289
-2744
6601
-7142
325
-3339
-6325
4296
-5707
6993
1456
1656
6952
-5576
4460
-6413
-3148
126
-7137
6516
-2934
5425
4651
-1896
6888
-7042
1215
-4099
-5859
3555
-6200
7124
576
2504
6694
-4982
5115
-6751
-2343
-763
-7107
6112
-3718
5959
3939
-1025
7069
-6841
2076
-4790
-5302
2759
-6595
7136
-307
3321
6329
-4314
5696
-6991
-1482
-1629
-6962
5599
-4438
6399
3173
-154
7143
-6526
2901
-5413
-4667
1923
-6879
7046
-1193
4082
5868
-3576
6188
-7123
-605
-2485
-6708
5003
-5104
6746
2361
738
7110
-6119
3695
-5948
-3959
1054
-7065
6856
-2056
4767
5320
-2780
6580
-7139
280
-3298
-6336
4331
-5680
6982
1501
1616
6968
-5613
4423
-6394
-3194
175
-7151
6536
-2882
5398
4686
-1944
6875
-7051
1170
-4066
-5882
3598
-6170
7117
623
2462
6704
-5017
5088
-6740
-2374
-718
-7114
6128
-3684
5934
3983
-1073
7062
-6854
2036
-4756
-5335
2798
-6571
7147
-263
3279
6347
-4343
5668
-6985
-1519
-1599
-6972
5621
-4412
6384
3213
-187
7148
-6546
2874
-5384
-4693
1961
-6871
7052
-1150
4043
5889
-3618
6165
-7115
-647
-2450
-6718
5032
-5076
6732
2392
702
7116
-6137
3666
-5929
-3998
1091
-7057
6860
-2023
4745
5346
-2819
6564
-7148
244
-3266
-6361
4364
-5660
6978
1542
1575
6968
-5640
4394
-6371
-3232
211
-7142
6551
-2847
5365
4712
-1980
6864
-7055
1126
-4024
-5904
3631
-6158
7116
666
2434
6720
-5049
5059
-6719
-2418
-682
-7118
6147
-3647
5912
4011
-1111
7060
-6862
2007
-4734
-5360
2834
-6556
7147
-228
3248
6367
-4372
5650
-6977
-1557
-1561
-6978
5646
-4385
6370
3245
-227
7141
-6559
2842
-5356
-4723
1996
-6858
7058
-1117
4012
5909
-3640
6150
-7114
-678
-2414
-6717
5056
-5045
6722
2432
657
7119
-6158
3625
-5901
-4031
1150
-7065
6872
-1983
4713
5370
-2854
6551
-7142
210
-3236
-6380
4393
-5634
6973
1576
1541
6985
-5662
4364
-6360
-3268
249
-7143
6568
-2821
5342
4749
-2019
6851
-7065
1094
-3993
-5922
3662
-6136
7111
697
2395
6731
-5070
5034
-6712
-2455
-646
-7120
6175
-3612
5895
4048
-1151
7057
-6880
1963
-4700
-5382
2877
-6547
7143
-187
3208
6385
-4409
5615
-6968
-1599
-1522
-6982
5667
-4343
6352
3283
-274
7143
-6570
2799
-5328
-4763
2040
-6851
7069
-1072
3980
5939
-3682
6122
-7118
-730
-2371
-6744
5089
-5016
6706
2470
622
7116
-6174
3592
-5876
-4062
1171
-7049
6878
-1945
4684
5396
-2891
6536
-7146
169
-3197
-6396
4425
-5609
6959
1615
1494
6992
-5686
4326
-6341
-3300
287
-7143
6579
-2778
5317
4771
-2053
6845
-7069
1059
-3963
0
1588
1168
1152
1360
1616
1556
1040
1360
1256
1066
2026
1508
1312
1192
1462
1549
1160
1324
1152
1926
1384
1853
1154
1684
1493
1750
1280
1280
1370
1538
1065
1362
1394
1241
1035
1521
1254
1159
1125
1862
1868
1766
1190
1988
1262
1152
1640
1674
1796
1594
1062
1445
1661
1067
1566
1526
2031
1401
1746
1222
1667
1205
1970
1822
1944
1931
1205
2009
1086
2037
1192
1258
1980
1738
1058
1152
1203
1891
1098
1154
1556
1350
1597
1940
1620
1580
1980
1802
1563
1238
1352
1346
1558
1599
1594
1549
1533
1274
1428
1109
1794
1770
1562
1686
1417
2010
1352
1110
1462
1250
1342
1906
1387
1764
1515
1180
1254
1867
1279
1135
1901
1151
1429
1750
1359
1683
1565
1062
1355
1884
1473
1045
1156
1650
1583
1428
1357
1773
1525
1099
1162
1164
1212
1126
1064
1418
1494
1210
1723
1025
1706
1913
1303
1350
1795
1162
1640
1530
1184
1170
1896
1459
1828
1402
1641
1149
1327
2037
1537
1745
1998
1315
1188
1030
1989
1935
1354
1192
1398
1832
1912
1295
1774
1113
1416
1158
1563
1791
1425
1780
1599
1926
1825
1061
1049
1668
1069
1146
1862
1834
1812
1356
1764
1402
1258
1806
1296
1940
1280
1910
1954
1561
1260
1341
1160
1113
1315
1239
1145
1788
1447
1167
1534
1921
1620
1662
1134
1090
1034
1220
1973
1484
1481
1769
1588
1553
1102
1202
1305
1225
1025
1378
1241
1186
1508
1603
1113
1204
1458
1350
1729
1425
1422
1179
1805
1751
1954
1137
1451
1962
1800
1466
1508
1025
1768
1341
1267
1385
1803
1462
1810
1985
1172
1168
