1651 2 2000 1 512 0
7133
385
7130
386
7127
390
7126
386
7129
390
7126
385
7122
389
7131
380
7127
390
7123
386
7120
386
7131
388
7128
389
7126
395
7126
396
7126
394
7126
394
7127
395
7125
401
7127
399
7123
401
7124
399
7121
398
7123
397
7126
396
7121
398
7125
403
7118
402
7127
402
7122
408
7123
410
7120
408
7125
412
7123
408
7121
411
7127
406
7122
414
7124
415
7121
409
7118
413
7125
413
7126
418
7128
415
7125
414
7126
415
7124
416
7130
418
7126
419
7123
422
7127
423
7119
423
7129
429
7126
427
7120
427
7129
425
7121
424
7124
427
7123
425
7125
430
7129
428
7122
431
7126
431
7128
430
7127
432
7123
430
7120
434
7125
431
7122
436
7123
436
7120
441
7127
441
7122
441
7126
437
7125
439
7129
440
7126
436
7123
435
7125
442
7126
441
7123
448
7126
443
7124
445
7132
447
7122
449
7121
449
7119
448
7125
453
7123
453
7119
453
7121
458
7122
454
7122
458
7122
454
7124
457
7127
459
7123
457
7127
461
7118
459
7115
466
7117
467
7119
466
7119
464
7120
466
7126
465
7116
462
7115
469
7116
464
7115
470
7116
469
7113
472
7126
468
7123
469
7119
474
7120
472
7119
474
7118
472
7114
477
7118
476
7119
479
7121
478
7117
476
7119
481
7123
476
7119
480
7115
481
7111
479
7122
481
7117
482
7115
489
7116
490
7120
485
7119
493
7117
489
7119
495
7118
491
7117
494
7124
496
7113
498
7118
498
7117
494
7123
501
7110
483
7112
490
7122
497
7119
494
7120
500
7123
498
7117
507
7122
499
7120
511
7125
505
7118
509
7121
506
7116
505
7118
508
7121
504
7119
507
7120
508
7118
507
7125
513
7120
510
7123
512
7124
508
7113
510
7120
513
7120
516
7124
516
7121
520
7113
519
7120
521
7119
518
7123
519
7120
512
7120
524
7118
516
7114
519
7126
515
7114
524
7118
525
7118
523
7115
524
7122
524
7119
527
7120
531
7116
527
7111
535
7120
531
7118
536
7117
535
7116
538
7123
537
7114
531
7119
537
7119
538
7121
539
7118
536
7112
538
7116
542
7117
535
7119
542
7117
538
7114
542
7121
538
7118
540
7116
543
7111
545
7119
546
7117
541
7118
547
7124
551
7119
546
7117
548
7119
545
7117
554
7117
552
7114
557
7116
554
7116
559
7117
560
7115
554
7111
560
7112
558
7119
559
7117
557
7114
557
7117
564
7119
558
7118
562
7115
565
7110
567
7122
560
7117
565
7114
565
7107
565
7108
566
7116
568
7114
570
7115
573
7116
570
7115
568
7120
567
7117
574
7120
569
7109
571
7115
572
7114
579
7119
579
7114
577
7112
579
7114
582
7111
584
7115
584
7112
582
7112
586
7113
587
7110
588
7117
585
7110
588
7122
586
7108
585
7114
585
7108
587
7112
588
7110
591
7110
590
7112
596
7115
591
7115
595
7116
591
7115
597
7117
589
7113
594
7122
595
7111
599
7113
600
7111
597
7107
601
7111
603
7110
605
7108
600
7114
604
7113
609
7111
603
7105
608
7107
606
7110
612
7116
614
7109
608
7113
611
7117
612
7112
610
7112
611
7102
612
7109
616
7109
614
7106
618
7116
614
7114
624
7113
619
7105
617
7105
620
7104
619
7108
625
7105
624
7109
625
7115
629
7111
623
7109
623
7111
617
7106
624
7113
619
7106
622
7107
624
7106
627
7111
630
7105
625
7109
629
7114
632
7110
629
7108
634
7104
628
7108
638
7109
632
7110
641
7107
636
7106
640
7111
638
7108
636
7111
639
7113
644
7108
644
7111
643
7105
642
7109
653
7110
650
7109
653
7113
646
7107
651
7108
652
7104
652
7105
650
7102
655
7104
656
7108
652
7106
656
7108
658
7112
661
7108
657
7106
654
7108
661
7110
658
7102
662
7110
662
7107
666
7108
662
7108
664
7105
660
7109
660
7101
660
7106
662
7113
659
7104
665
7104
666
7103
671
7110
666
7103
671
7106
672
7105
673
7106
671
7104
671
7102
675
7107
675
7098
674
7104
677
7104
674
7103
679
7109
674
7103
678
7107
679
7100
679
7105
678
7100
681
7102
686
7106
687
7104
684
7103
688
7104
689
7105
687
7102
683
7103
689
7104
687
7103
693
7106
686
7102
694
7106
693
7105
694
7108
691
7104
695
7100
696
7107
698
7103
694
7106
699
7106
678
7105
707
7109
694
7109
700
7106
703
7102
697
7101
698
7102
700
7099
703
7099
702
7100
703
7104
708
7103
709
7099
712
7107
706
7098
713
7101
709
7096
711
7105
711
7105
716
7104
716
7104
715
7103
714
7105
714
7096
713
7097
718
7102
714
7098
723
7104
723
7092
725
7108
725
7106
732
7108
729
7105
732
7105
727
7097
732
7098
733
7098
729
7094
729
7096
733
7097
729
7099
738
7106
725
7090
737
7103
731
7102
738
7100
735
7102
740
7096
737
7100
743
7100
740
7102
745
7098
743
7098
745
7099
739
7098
743
7090
743
7093
747
7101
741
7103
749
7104
748
7103
749
7102
748
7105
751
7097
749
7095
752
7095
747
7101
753
7102
753
7098
761
7104
753
7095
757
7096
755
7094
754
7096
752
7095
753
7092
760
7098
761
7099
756
7101
765
7093
759
7097
766
7097
759
7096
767
7100
761
7099
766
7095
765
7094
762
7099
767
7098
769
7099
765
7104
769
7098
767
7099
773
7100
766
7096
774
7093
777
7088
778
7097
776
7097
781
7097
781
7095
782
7090
783
7101
778
7088
780
7093
783
7090
781
7096
784
7095
782
7095
0
1588
1168
1152
1360
1616
1556
1040
1360
1256
1066
2026
1508
1312
1192
1462
1549
1160
1324
1152
1926
1384
1853
1154
1684
1493
1750
1280
1280
1370
1538
1065
1362
1394
1241
1035
1521
1254
1159
1125
1862
1868
1766
1190
1988
1262
1152
1640
1674
1796
1594
1062
1445
1661
1067
1566
1526
2031
1401
1746
1222
1667
1205
1970
1822
1944
1931
1205
2009
1086
2037
1192
1258
1980
1738
1058
1152
1203
1891
1098
1154
1556
1350
1597
1940
1620
1580
1980
1802
1563
1238
1352
1346
1558
1599
1594
1549
1533
1274
1428
1109
1794
1770
1562
1686
1417
2010
1352
1110
1462
1250
1342
1906
1387
1764
1515
1180
1254
1867
1279
1135
1901
1151
1429
1750
1359
1683
1565
1062
1355
1884
1473
1045
1156
1650
1583
1428
1357
1773
1525
1099
1162
1164
1212
1126
1064
1418
1494
1210
1723
1025
1706
1913
1303
1350
1795
1162
1640
1530
1184
1170
1896
1459
1828
1402
1641
1149
1327
2037
1537
1745
1998
1315
1188
1030
1989
1935
1354
1192
1398
1832
1912
1295
1774
1113
1416
1158
1563
1791
1425
1780
1599
1926
1825
1061
1049
1668
1069
1146
1862
1834
1812
1356
1764
1402
1258
1806
1296
1940
1280
1910
1954
1561
1260
1341
1160
1113
1315
1239
1145
1788
1447
1167
1534
1921
1620
1662
1134
1090
1034
1220
1973
1484
1481
1769
1588
1553
1102
1202
1305
1225
1025
1378
1241
1186
1508
1603
1113
1204
1458
1350
1729
1425
1422
1179
1805
1751
1954
1137
1451
1962
1800
1466
1508
1025
1768
1341
1267
1385
1803
1462
1810
1985
1172
1168
-7111
627
-6841
-2037
-5619
-4415
-3595
-6168
-1068
-7059
1607
-6961
4054
-5877
5934
-3970
6979
-1510
7043
1168
6115
3681
4347
5669
1941
6873
-731
7102
-3291
6338
-5391
4680
-6738
2361
-7136
-283
-6530
-2892
-5007
-5088
-2782
-6579
-166
-7136
2477
-6691
4767
-5310
6386
-3181
7114
-610
6840
2054
5602
4422
3570
6177
1055
7060
-1622
6952
-4066
5871
-5942
3956
-6983
1494
-7033
-1183
-6108
-3691
-4318
-5684
-1929
-6875
746
-7102
3304
-6334
5400
-4665
6740
-2349
7127
303
6520
2906
4991
5101
2765
6581
145
7133
-2492
6686
-4778
5300
-6401
3166
-7113
590
-6832
-2069
-5590
-4445
-3563
-6189
-1035
-7066
1640
-6955
4085
-5860
5951
-3945
6993
-1477
7037
1208
6099
3709
4304
5695
1910
6879
-762
7092
-3320
6321
-5417
4649
-6749
2332
-7130
-318
-6510
-2924
-4984
-5114
-2750
-6588
-127
-7137
2509
-6685
4797
-5286
6409
-3152
7117
-570
6826
2087
5572
4452
3546
6196
1015
7062
-1658
6942
-4098
5845
-5962
3929
-6983
1459
-7034
-1219
-6089
-3722
-4290
-5703
-1893
-6884
772
-7096
3334
-6311
5429
-4647
6755
-2317
7131
333
6505
2936
4967
5125
2734
6594
106
7132
-2524
6674
-4823
5289
-6417
3138
-7121
558
-6820
-2103
-5563
-4470
-3526
-6204
-990
-7074
1678
-6944
4116
-5835
5979
-3912
6999
-1436
7029
1247
6071
3745
4273
5726
1862
6893
-803
7095
-3358
6299
-5442
4619
-6757
2288
-7136
-360
-6494
-2957
-4951
-5148
-2706
-6605
-83
-7141
2553
-6666
4832
-5258
6422
-3112
7118
-532
6810
2129
5549
4492
3509
6215
969
7075
-1695
6936
-4133
5821
-5980
3888
-7001
1414
-7023
-1265
-6062
-3761
-4258
-5731
-1846
-6901
819
-7095
3377
-6289
5451
-4608
6766
-2272
7129
384
6489
2977
4934
5159
2691
6606
69
7142
-2566
6660
-4844
5250
-6427
3101
-7119
515
-6805
-2139
-5546
-4500
-3495
-6221
-954
-7077
1718
-6929
4145
-5811
5991
-3881
7002
-1396
7023
1280
6059
3778
4238
5740
1827
6900
-839
7090
-3393
6279
-5464
4591
-6773
2258
-7133
-394
-6486
-2990
-4922
-5167
-2673
-6619
-50
-7141
2586
-6652
4855
-5237
6435
-3081
7125
-496
6805
2161
5530
4517
3471
6237
937
7083
-1741
6928
-4162
5796
-6002
3853
-7000
1372
-7016
-1311
-6046
-3792
-4221
-5761
-1809
-6910
863
-7087
3414
-6271
5479
-4570
6790
-2230
7131
421
6475
3018
4906
5187
2658
6632
26
7140
-2611
6648
-4871
5227
-6450
3063
-7123
473
-6795
-2186
-5519
-4533
-3455
-6248
-920
-7084
1755
-6921
4178
-5788
6015
-3838
7007
-1358
7011
1323
6040
3810
4212
5768
1796
6910
-882
7078
-3428
6262
-5491
4563
-6792
2220
-7126
-434
-6466
-3030
-4891
-5193
-2638
-6638
-4
-7141
2626
-6644
4888
-5213
6461
-3043
7123
-453
6786
2207
5502
4546
3439
6259
894
7088
-1773
6916
-4196
5775
-6028
3816
-7011
1332
-7013
-1346
-6026
-3831
-4189
-5778
-1770
-6917
901
-7078
3449
-6252
5509
-4538
6793
-2193
7125
461
6455
3049
4877
5215
2621
6642
-16
7136
-2640
6637
-4899
5191
-6466
3028
-7122
425
-6788
-2222
-5486
-4567
-3419
-6266
-872
-7090
1798
-6918
4217
-5761
6038
-3808
7018
-1315
7007
1368
6015
3845
4177
5796
1754
6921
-921
7079
-3469
6243
-5520
4523
-6796
2175
-7122
-479
-6443
-3070
-4858
-5227
-2598
-6649
41
-7136
2660
-6625
4913
-5176
6477
-3006
7124
-407
6774
2242
5478
4586
3401
6278
856
7092
-1813
6904
-4227
5749
-6055
3791
-7023
1293
-7008
-1379
-6003
-3869
-4161
-5803
-1727
-6923
947
-7080
3486
-6226
5541
-4514
6809
-2156
7123
502
6436
3081
4843
5244
2576
6651
-58
7138
-2679
6618
-4929
5163
-6484
2988
-7129
386
-6768
-2266
-5461
-4603
-3379
-6288
-833
-7092
1840
-6901
4252
-5731
6067
-3767
7026
-1268
6999
1402
5992
3883
4142
5815
1707
6929
-964
7072
-3507
6223
-5544
4488
-6815
2140
-7120
-520
-6427
-3107
-4831
-5250
-2553
-6665
76
-7139
2701
-6608
4942
-5149
6489
-2964
7129
-373
6763
2281
5451
4613
3367
6291
817
7097
-1853
6893
-4259
5727
-6071
3749
-7028
1253
-6997
-1422
-5976
-3897
-4129
-5825
-1688
-6941
982
-7072
3522
-6216
5561
-4483
6823
-2122
7118
537
6421
3124
4815
5267
2531
6671
-92
7137
-2719
6602
-4955
5133
-6499
2948
-7130
354
-6758
-2299
-5440
-4632
-3349
-6301
-797
-7095
1876
-6887
4276
-5717
6085
-3733
7020
-1236
6986
1444
5973
3914
4109
5835
1674
6941
-1004
7065
-3536
6204
-5573
4466
-6822
2103
-7115
-555
-6410
-3138
-4798
-5278
-2529
-6684
116
-7141
2736
-6594
4969
-5127
6508
-2937
7137
-332
6756
2324
5426
4645
3330
6313
780
7095
-1895
6880
-4293
5706
-6093
3715
-7037
1220
-6985
-1456
-5959
-3930
-4096
-5847
-1655
-6944
1025
-7064
3549
-6195
5578
-4448
6827
-2086
7115
576
6412
3154
4789
5293
2507
6686
-133
7137
-2750
6593
-4980
5110
-6514
2916
-7128
309
-6746
-2338
-5417
-4653
-3311
-6322
-758
-7097
1914
-6878
4311
-5695
6109
-3704
7036
-1200
6984
1479
5949
3941
4072
5858
1636
6955
-1037
7061
-3567
6182
-5592
4436
-6832
2066
-7113
-596
-6397
-3174
-4773
-5305
-2490
-6693
153
-7141
2763
-6583
4996
-5095
6524
-2903
7132
-291
6743
2353
5397
4672
3302
6332
738
7101
-1932
6872
-4325
5680
-6117
3689
-7041
1179
-6984
-1502
-5938
-3965
-4059
-5872
-1610
-6957
1063
-7064
3591
-6176
5607
-4418
6839
-2046
7107
621
6389
3192
4758
5322
2468
6709
-176
7140
-2784
6577
-5018
5082
-6534
2878
-7136
270
-6731
-2375
-5386
-4687
-3277
-6338
-717
-7101
1953
-6869
4350
-5668
6128
-3670
7047
-1158
6973
1519
5916
3978
4043
5885
1589
6959
-1085
7058
-3606
6161
-5623
4403
-6846
2019
-7110
-641
-6374
-3216
-4741
-5340
-2444
-6711
202
-7137
2810
-6562
5034
-5069
6539
-2858
7138
-248
6722
2395
5367
4702
3260
6347
693
7102
-1975
6857
-4357
5656
-6139
3648
-7045
1130
-6975
-1538
-5911
-3998
-4026
-5896
-1568
-6965
1101
-7054
3625
-6151
5634
-4390
6847
-1997
7107
661
6365
3233
4727
5350
2426
6715
-215
7140
-2828
6554
-5048
5052
-6546
2837
-7135
225
-6713
-2414
-5361
-4721
-3239
-6361
-673
-7108
1989
-6853
4380
-5639
6145
-3633
7049
-1117
6968
1558
5905
4017
4010
0
1588
1168
1152
1360
1616
1556
1040
1360
1256
1066
2026
1508
1312
1192
1462
1549
1160
1324
1152
1926
1384
1853
1154
1684
1493
1750
1280
1280
1370
1538
1065
1362
1394
1241
1035
1521
1254
1159
1125
1862
1868
1766
1190
1988
1262
1152
1640
1674
1796
1594
1062
1445
1661
1067
1566
1526
2031
1401
1746
1222
1667
1205
1970
1822
1944
1931
1205
2009
1086
2037
1192
1258
1980
1738
1058
1152
1203
1891
1098
1154
1556
1350
1597
1940
1620
1580
1980
1802
1563
1238
1352
1346
1558
1599
1594
1549
1533
1274
1428
1109
1794
1770
1562
1686
1417
2010
1352
1110
1462
1250
1342
1906
1387
1764
1515
1180
1254
1867
1279
1135
1901
1151
1429
1750
1359
1683
1565
1062
1355
1884
1473
1045
1156
1650
1583
1428
1357
1773
1525
1099
1162
1164
1212
1126
1064
1418
1494
1210
1723
1025
1706
1913
1303
1350
1795
1162
1640
1530
1184
1170
1896
1459
1828
1402
1641
1149
1327
2037
1537
1745
1998
1315
1188
1030
1989
1935
1354
1192
1398
1832
1912
1295
1774
1113
1416
1158
1563
1791
1425
1780
1599
1926
1825
1061
1049
1668
1069
1146
1862
1834
1812
1356
1764
1402
1258
1806
1296
1940
1280
1910
1954
1561
1260
1341
1160
1113
1315
1239
1145
1788
1447
1167
1534
1921
1620
1662
1134
1090
1034
1220
1973
1484
1481
1769
1588
1553
1102
1202
1305
1225
1025
1378
1241
1186
1508
1603
1113
1204
1458
1350
1729
1425
1422
1179
1805
1751
1954
1137
1451
1962
1800
1466
1508
1025
1768
1341
1267
1385
1803
1462
1810
1985
1172
1168
-7111
627
-6841
-2037
-5619
-4415
-3595
-6168
-1068
-7059
1607
-6961
4054
-5877
5934
-3970
6979
-1510
7043
1168
6115
3681
4347
5669
1941
6873
-731
7102
-3291
6338
-5391
4680
-6738
2361
-7136
-283
-6530
-2892
-5007
-5088
-2782
-6579
-166
-7136
2477
-6691
4767
-5310
6386
-3181
7114
-610
6840
2054
5602
4422
3570
6177
1055
7060
-1622
6952
-4066
5871
-5942
3956
-6983
1494
-7033
-1183
-6108
-3691
-4318
-5684
-1929
-6875
746
-7102
3304
-6334
5400
-4665
6740
-2349
7127
303
6520
2906
4991
5101
2765
6581
145
7133
-2492
6686
-4778
5300
-6401
3166
-7113
590
-6832
-2069
-5590
-4445
-3563
-6189
-1035
-7066
1640
-6955
4085
-5860
5951
-3945
6993
-1477
7037
1208
6099
3709
4304
5695
1910
6879
-762
7092
-3320
6321
-5417
4649
-6749
2332
-7130
-318
-6510
-2924
-4984
-5114
-2750
-6588
-127
-7137
2509
-6685
4797
-5286
6409
-3152
7117
-570
6826
2087
5572
4452
3546
6196
1015
7062
-1658
6942
-4098
5845
-5962
3929
-6983
1459
-7034
-1219
-6089
-3722
-4290
-5703
-1893
-6884
772
-7096
3334
-6311
5429
-4647
6755
-2317
7131
333
6505
2936
4967
5125
2734
6594
106
7132
-2524
6674
-4823
5289
-6417
3138
-7121
558
-6820
-2103
-5563
-4470
-3526
-6204
-990
-7074
1678
-6944
4116
-5835
5979
-3912
6999
-1436
7029
1247
6071
3745
4273
5726
1862
6893
-803
7095
-3358
6299
-5442
4619
-6757
2288
-7136
-360
-6494
-2957
-4951
-5148
-2706
-6605
-83
-7141
2553
-6666
4832
-5258
6422
-3112
7118
-532
6810
2129
5549
4492
3509
6215
969
7075
-1695
6936
-4133
5821
-5980
3888
-7001
1414
-7023
-1265
-6062
-3761
-4258
-5731
-1846
-6901
819
-7095
3377
-6289
5451
-4608
6766
-2272
7129
384
6489
2977
4934
5159
2691
6606
69
7142
-2566
6660
-4844
5250
-6427
3101
-7119
515
-6805
-2139
-5546
-4500
-3495
-6221
-954
-7077
1718
-6929
4145
-5811
5991
-3881
7002
-1396
7023
1280
6059
3778
4238
5740
1827
6900
-839
7090
-3393
6279
-5464
4591
-6773
2258
-7133
-394
-6486
-2990
-4922
-5167
-2673
-6619
-50
-7141
2586
-6652
4855
-5237
6435
-3081
7125
-496
6805
2161
5530
4517
3471
6237
937
7083
-1741
6928
-4162
5796
-6002
3853
-7000
1372
-7016
-1311
-6046
-3792
-4221
-5761
-1809
-6910
863
-7087
3414
-6271
5479
-4570
6790
-2230
7131
421
6475
3018
4906
5187
2658
6632
26
7140
-2611
6648
-4871
5227
-6450
3063
-7123
473
-6795
-2186
-5519
-4533
-3455
-6248
-920
-7084
1755
-6921
4178
-5788
6015
-3838
7007
-1358
7011
1323
6040
3810
4212
5768
1796
6910
-882
7078
-3428
6262
-5491
4563
-6792
2220
-7126
-434
-6466
-3030
-4891
-5193
-2638
-6638
-4
-7141
2626
-6644
4888
-5213
6461
-3043
7123
-453
6786
2207
5502
4546
3439
6259
894
7088
-1773
6916
-4196
5775
-6028
3816
-7011
1332
-7013
-1346
-6026
-3831
-4189
-5778
-1770
-6917
901
-7078
3449
-6252
5509
-4538
6793
-2193
7125
461
6455
3049
4877
5215
2621
6642
-16
7136
-2640
6637
-4899
5191
-6466
3028
-7122
425
-6788
-2222
-5486
-4567
-3419
-6266
-872
-7090
1798
-6918
4217
-5761
6038
-3808
7018
-1315
7007
1368
6015
3845
4177
5796
1754
6921
-921
7079
-3469
6243
-5520
4523
-6796
2175
-7122
-479
-6443
-3070
-4858
-5227
-2598
-6649
41
-7136
2660
-6625
4913
-5176
6477
-3006
7124
-407
6774
2242
5478
4586
3401
6278
856
7092
-1813
6904
-4227
5749
-6055
3791
-7023
1293
-7008
-1379
-6003
-3869
-4161
-5803
-1727
-6923
947
-7080
3486
-6226
5541
-4514
6809
-2156
7123
502
6436
3081
4843
5244
2576
6651
-58
7138
-2679
6618
-4929
5163
-6484
2988
-7129
386
-6768
-2266
-5461
-4603
-3379
-6288
-833
-7092
1840
-6901
4252
-5731
6067
-3767
7026
-1268
6999
1402
5992
3883
4142
5815
1707
6929
-964
7072
-3507
6223
-5544
4488
-6815
2140
-7120
-520
-6427
-3107
-4831
-5250
-2553
-6665
76
-7139
2701
-6608
4942
-5149
6489
-2964
7129
-373
6763
2281
5451
4613
3367
6291
817
7097
-1853
6893
-4259
5727
-6071
3749
-7028
1253
-6997
-1422
-5976
-3897
-4129
-5825
-1688
-6941
982
-7072
3522
-6216
5561
-4483
6823
-2122
7118
537
6421
3124
4815
5267
2531
6671
-92
7137
-2719
6602
-4955
5133
-6499
2948
-7130
354
-6758
-2299
-5440
-4632
-3349
-6301
-797
-7095
1876
-6887
4276
-5717
6085
-3733
7020
-1236
6986
1444
5973
3914
4109
5835
1674
6941
-1004
7065
-3536
6204
-5573
4466
-6822
2103
-7115
-555
-6410
-3138
-4798
-5278
-2529
-6684
116
-7141
2736
-6594
4969
-5127
6508
-2937
7137
-332
6756
2324
5426
4645
3330
6313
780
7095
-1895
6880
-4293
5706
-6093
3715
-7037
1220
-6985
-1456
-5959
-3930
-4096
-5847
-1655
-6944
1025
-7064
3549
-6195
5578
-4448
6827
-2086
7115
576
6412
3154
4789
5293
2507
6686
-133
7137
-2750
6593
-4980
5110
-6514
2916
-7128
309
-6746
-2338
-5417
-4653
-3311
-6322
-758
-7097
1914
-6878
4311
-5695
6109
-3704
7036
-1200
6984
1479
5949
3941
4072
5858
1636
6955
-1037
7061
-3567
6182
-5592
4436
-6832
2066
-7113
-596
-6397
-3174
-4773
-5305
-2490
-6693
153
-7141
2763
-6583
4996
-5095
6524
-2903
7132
-291
6743
2353
5397
4672
3302
6332
738
7101
-1932
6872
-4325
5680
-6117
3689
-7041
1179
-6984
-1502
-5938
-3965
-4059
-5872
-1610
-6957
1063
-7064
3591
-6176
5607
-4418
6839
-2046
7107
621
6389
3192
4758
5322
2468
6709
-176
7140
-2784
6577
-5018
5082
-6534
2878
-7136
270
-6731
-2375
-5386
-4687
-3277
-6338
-717
-7101
1953
-6869
4350
-5668
6128
-3670
7047
-1158
6973
1519
5916
3978
4043
5885
1589
6959
-1085
7058
-3606
6161
-5623
4403
-6846
2019
-7110
-641
-6374
-3216
-4741
-5340
-2444
-6711
202
-7137
2810
-6562
5034
-5069
6539
-2858
7138
-248
6722
2395
5367
4702
3260
6347
693
7102
-1975
6857
-4357
5656
-6139
3648
-7045
1130
-6975
-1538
-5911
-3998
-4026
-5896
-1568
-6965
1101
-7054
3625
-6151
5634
-4390
6847
-1997
7107
661
6365
3233
4727
5350
2426
6715
-215
7140
-2828
6554
-5048
5052
-6546
2837
-7135
225
-6713
-2414
-5361
-4721
-3239
-6361
-673
-7108
1989
-6853
4380
-5639
6145
-3633
7049
-1117
6968
1558
5905
4017
4010
0
1588
1168
1152
1360
1616
1556
1040
1360
1256
1066
2026
1508
1312
1192
1462
1549
1160
1324
1152
1926
1384
1853
1154
1684
1493
1750
1280
1280
1370
1538
1065
1362
1394
1241
1035
1521
1254
1159
1125
1862
1868
1766
1190
1988
1262
1152
1640
1674
1796
1594
1062
1445
1661
1067
1566
1526
2031
1401
1746
1222
1667
1205
1970
1822
1944
1931
1205
2009
1086
2037
1192
1258
1980
1738
1058
1152
1203
1891
1098
1154
1556
1350
1597
1940
1620
1580
1980
1802
1563
1238
1352
1346
1558
1599
1594
1549
1533
1274
1428
1109
1794
1770
1562
1686
1417
2010
1352
1110
1462
1250
1342
1906
1387
1764
1515
1180
1254
1867
1279
1135
1901
1151
1429
1750
1359
1683
1565
1062
1355
1884
1473
1045
1156
1650
1583
1428
1357
1773
1525
1099
1162
1164
1212
1126
1064
1418
1494
1210
1723
1025
1706
1913
1303
1350
1795
1162
1640
1530
1184
1170
1896
1459
1828
1402
1641
1149
1327
2037
1537
1745
1998
1315
1188
1030
1989
1935
1354
1192
1398
1832
1912
1295
1774
1113
1416
1158
1563
1791
1425
1780
1599
1926
1825
1061
1049
1668
1069
1146
1862
1834
1812
1356
1764
1402
1258
1806
1296
1940
1280
1910
1954
1561
1260
1341
1160
1113
1315
1239
1145
1788
1447
1167
1534
1921
1620
1662
1134
1090
1034
1220
1973
1484
1481
1769
1588
1553
1102
1202
1305
1225
1025
1378
1241
1186
1508
1603
1113
1204
1458
1350
1729
1425
1422
1179
1805
1751
1954
1137
1451
1962
1800
1466
1508
1025
1768
1341
1267
1385
1803
1462
1810
1985
1172
1168
-7111
627
-6841
-2037
-5619
-4415
-3595
-6168
-1068
-7059
1607
-6961
4054
-5877
5934
-3970
6979
-1510
7043
1168
6115
3681
4347
5669
1941
6873
-731
7102
-3291
6338
-5391
4680
-6738
2361
-7136
-283
-6530
-2892
-5007
-5088
-2782
-6579
-166
-7136
2477
-6691
4767
-5310
6386
-3181
7114
-610
6840
2054
5602
4422
3570
6177
1055
7060
-1622
6952
-4066
5871
-5942
3956
-6983
1494
-7033
-1183
-6108
-3691
-4318
-5684
-1929
-6875
746
-7102
3304
-6334
5400
-4665
6740
-2349
7127
303
6520
2906
4991
5101
2765
6581
145
7133
-2492
6686
-4778
5300
-6401
3166
-7113
590
-6832
-2069
-5590
-4445
-3563
-6189
-1035
-7066
1640
-6955
4085
-5860
5951
-3945
6993
-1477
7037
1208
6099
3709
4304
5695
1910
6879
-762
7092
-3320
6321
-5417
4649
-6749
2332
-7130
-318
-6510
-2924
-4984
-5114
-2750
-6588
-127
-7137
2509
-6685
4797
-5286
6409
-3152
7117
-570
6826
2087
5572
4452
3546
6196
1015
7062
-1658
6942
-4098
5845
-5962
3929
-6983
1459
-7034
-1219
-6089
-3722
-4290
-5703
-1893
-6884
772
-7096
3334
-6311
5429
-4647
6755
-2317
7131
333
6505
2936
4967
5125
2734
6594
106
7132
-2524
6674
-4823
5289
-6417
3138
-7121
558
-6820
-2103
-5563
-4470
-3526
-6204
-990
-7074
1678
-6944
4116
-5835
5979
-3912
6999
-1436
7029
1247
6071
3745
4273
5726
1862
6893
-803
7095
-3358
6299
-5442
4619
-6757
2288
-7136
-360
-6494
-2957
-4951
-5148
-2706
-6605
-83
-7141
2553
-6666
4832
-5258
6422
-3112
7118
-532
6810
2129
5549
4492
3509
6215
969
7075
-1695
6936
-4133
5821
-5980
3888
-7001
1414
-7023
-1265
-6062
-3761
-4258
-5731
-1846
-6901
819
-7095
3377
-6289
5451
-4608
6766
-2272
7129
384
6489
2977
4934
5159
2691
6606
69
7142
-2566
6660
-4844
5250
-6427
3101
-7119
515
-6805
-2139
-5546
-4500
-3495
-6221
-954
-7077
1718
-6929
4145
-5811
5991
-3881
7002
-1396
7023
1280
6059
3778
4238
5740
1827
6900
-839
7090
-3393
6279
-5464
4591
-6773
2258
-7133
-394
-6486
-2990
-4922
-5167
-2673
-6619
-50
-7141
2586
-6652
4855
-5237
6435
-3081
7125
-496
6805
2161
5530
4517
3471
6237
937
7083
-1741
6928
-4162
5796
-6002
3853
-7000
1372
-7016
-1311
-6046
-3792
-4221
-5761
-1809
-6910
863
-7087
3414
-6271
5479
-4570
6790
-2230
7131
421
6475
3018
4906
5187
2658
6632
26
7140
-2611
6648
-4871
5227
-6450
3063
-7123
473
-6795
-2186
-5519
-4533
-3455
-6248
-920
-7084
1755
-6921
4178
-5788
6015
-3838
7007
-1358
7011
1323
6040
3810
4212
5768
1796
6910
-882
7078
-3428
6262
-5491
4563
-6792
2220
-7126
-434
-6466
-3030
-4891
-5193
-2638
-6638
-4
-7141
2626
-6644
4888
-5213
6461
-3043
7123
-453
6786
2207
5502
4546
3439
6259
894
7088
-1773
6916
-4196
5775
-6028
3816
-7011
1332
-7013
-1346
-6026
-3831
-4189
-5778
-1770
-6917
901
-7078
3449
-6252
5509
-4538
6793
-2193
7125
461
6455
3049
4877
5215
2621
6642
-16
7136
-2640
6637
-4899
5191
-6466
3028
-7122
425
-6788
-2222
-5486
-4567
-3419
-6266
-872
-7090
1798
-6918
4217
-5761
6038
-3808
7018
-1315
7007
1368
6015
3845
4177
5796
1754
6921
-921
7079
-3469
6243
-5520
4523
-6796
2175
-7122
-479
-6443
-3070
-4858
-5227
-2598
-6649
41
-7136
2660
-6625
4913
-5176
6477
-3006
7124
-407
6774
2242
5478
4586
3401
6278
856
7092
-1813
6904
-4227
5749
-6055
3791
-7023
1293
-7008
-1379
-6003
-3869
-4161
-5803
-1727
-6923
947
-7080
3486
-6226
5541
-4514
6809
-2156
7123
502
6436
3081
4843
5244
2576
6651
-58
7138
-2679
6618
-4929
5163
-6484
2988
-7129
386
-6768
-2266
-5461
-4603
-3379
-6288
-833
-7092
1840
-6901
4252
-5731
6067
-3767
7026
-1268
6999
1402
5992
3883
4142
5815
1707
6929
-964
7072
-3507
6223
-5544
4488
-6815
2140
-7120
-520
-6427
-3107
-4831
-5250
-2553
-6665
76
-7139
2701
-6608
4942
-5149
6489
-2964
7129
-373
6763
2281
5451
4613
3367
6291
817
7097
-1853
6893
-4259
5727
-6071
3749
-7028
1253
-6997
-1422
-5976
-3897
-4129
-5825
-1688
-6941
982
-7072
3522
-6216
5561
-4483
6823
-2122
7118
537
6421
3124
4815
5267
2531
6671
-92
7137
-2719
6602
-4955
5133
-6499
2948
-7130
354
-6758
-2299
-5440
-4632
-3349
-6301
-797
-7095
1876
-6887
4276
-5717
6085
-3733
7020
-1236
6986
1444
5973
3914
4109
5835
1674
6941
-1004
7065
-3536
6204
-5573
4466
-6822
2103
-7115
-555
-6410
-3138
-4798
-5278
-2529
-6684
116
-7141
2736
-6594
4969
-5127
6508
-2937
7137
-332
6756
2324
5426
4645
3330
6313
780
7095
-1895
6880
-4293
5706
-6093
3715
-7037
1220
-6985
-1456
-5959
-3930
-4096
-5847
-1655
-6944
1025
-7064
3549
-6195
5578
-4448
6827
-2086
7115
576
6412
3154
4789
5293
2507
6686
-133
7137
-2750
6593
-4980
5110
-6514
2916
-7128
309
-6746
-2338
-5417
-4653
-3311
-6322
-758
-7097
1914
-6878
4311
-5695
6109
-3704
7036
-1200
6984
1479
5949
3941
4072
5858
1636
6955
-1037
7061
-3567
6182
-5592
4436
-6832
2066
-7113
-596
-6397
-3174
-4773
-5305
-2490
-6693
153
-7141
2763
-6583
4996
-5095
6524
-2903
7132
-291
6743
2353
5397
4672
3302
6332
738
7101
-1932
6872
-4325
5680
-6117
3689
-7041
1179
-6984
-1502
-5938
-3965
-4059
-5872
-1610
-6957
1063
-7064
3591
-6176
5607
-4418
6839
-2046
7107
621
6389
3192
4758
5322
2468
6709
-176
7140
-2784
6577
-5018
5082
-6534
2878
-7136
270
-6731
-2375
-5386
-4687
-3277
-6338
-717
-7101
1953
-6869
4350
-5668
6128
-3670
7047
-1158
6973
1519
5916
3978
4043
5885
1589
6959
-1085
7058
-3606
6161
-5623
4403
-6846
2019
-7110
-641
-6374
-3216
-4741
-5340
-2444
-6711
202
-7137
2810
-6562
5034
-5069
6539
-2858
7138
-248
6722
2395
5367
4702
3260
6347
693
7102
-1975
6857
-4357
5656
-6139
3648
-7045
1130
-6975
-1538
-5911
-3998
-4026
-5896
-1568
-6965
1101
-7054
3625
-6151
5634
-4390
6847
-1997
7107
661
6365
3233
4727
5350
2426
6715
-215
7140
-2828
6554
-5048
5052
-6546
2837
-7135
225
-6713
-2414
-5361
-4721
-3239
-6361
-673
-7108
1989
-6853
4380
-5639
6145
-3633
7049
-1117
6968
1558
5905
4017
4010
0
1588
1168
1152
1360
1616
1556
1040
1360
1256
1066
2026
1508
1312
1192
1462
1549
1160
1324
1152
1926
1384
1853
1154
1684
1493
1750
1280
1280
1370
1538
1065
1362
1394
1241
1035
1521
1254
1159
1125
1862
1868
1766
1190
1988
1262
1152
1640
1674
1796
1594
1062
1445
1661
1067
1566
1526
2031
1401
1746
1222
1667
1205
1970
1822
1944
1931
1205
2009
1086
2037
1192
1258
1980
1738
1058
1152
1203
1891
1098
1154
1556
1350
1597
1940
1620
1580
1980
1802
1563
1238
1352
1346
1558
1599
1594
1549
1533
1274
1428
1109
1794
1770
1562
1686
1417
2010
1352
1110
1462
1250
1342
1906
1387
1764
1515
1180
1254
1867
1279
1135
1901
1151
1429
1750
1359
1683
1565
1062
1355
1884
1473
1045
1156
1650
1583
1428
1357
1773
1525
1099
1162
1164
1212
1126
1064
1418
1494
1210
1723
1025
1706
1913
1303
1350
1795
1162
1640
1530
1184
1170
1896
1459
1828
1402
1641
1149
1327
2037
1537
1745
1998
1315
1188
1030
1989
1935
1354
1192
1398
1832
1912
1295
1774
1113
1416
1158
1563
1791
1425
1780
1599
1926
1825
1061
1049
1668
1069
1146
1862
1834
1812
1356
1764
1402
1258
1806
1296
1940
1280
1910
1954
1561
1260
1341
1160
1113
1315
1239
1145
1788
1447
1167
1534
1921
1620
1662
1134
1090
1034
1220
1973
1484
1481
1769
1588
1553
1102
1202
1305
1225
1025
1378
1241
1186
1508
1603
1113
1204
1458
1350
1729
1425
1422
1179
1805
1751
1954
1137
1451
1962
1800
1466
1508
1025
1768
1341
1267
1385
1803
1462
1810
1985
1172
1168
-7111
627
-6841
-2037
-5619
-4415
-3595
-6168
-1068
-7059
1607
-6961
4054
-5877
5934
-3970
6979
-1510
7043
1168
6115
3681
4347
5669
1941
6873
-731
7102
-3291
6338
-5391
4680
-6738
2361
-7136
-283
-6530
-2892
-5007
-5088
-2782
-6579
-166
-7136
2477
-6691
4767
-5310
6386
-3181
7114
-610
6840
2054
5602
4422
3570
6177
1055
7060
-1622
6952
-4066
5871
-5942
3956
-6983
1494
-7033
-1183
-6108
-3691
-4318
-5684
-1929
-6875
746
-7102
3304
-6334
5400
-4665
6740
-2349
7127
303
6520
2906
4991
5101
2765
6581
145
7133
-2492
6686
-4778
5300
-6401
3166
-7113
590
-6832
-2069
-5590
-4445
-3563
-6189
-1035
-7066
1640
-6955
4085
-5860
5951
-3945
6993
-1477
7037
1208
6099
3709
4304
5695
1910
6879
-762
7092
-3320
6321
-5417
4649
-6749
2332
-7130
-318
-6510
-2924
-4984
-5114
-2750
-6588
-127
-7137
2509
-6685
4797
-5286
6409
-3152
7117
-570
6826
2087
5572
4452
3546
6196
1015
7062
-1658
6942
-4098
5845
-5962
3929
-6983
1459
-7034
-1219
-6089
-3722
-4290
-5703
-1893
-6884
772
-7096
3334
-6311
5429
-4647
6755
-2317
7131
333
6505
2936
4967
5125
2734
6594
106
7132
-2524
6674
-4823
5289
-6417
3138
-7121
558
-6820
-2103
-5563
-4470
-3526
-6204
-990
-7074
1678
-6944
4116
-5835
5979
-3912
6999
-1436
7029
1247
6071
3745
4273
5726
1862
6893
-803
7095
-3358
6299
-5442
4619
-6757
2288
-7136
-360
-6494
-2957
-4951
-5148
-2706
-6605
-83
-7141
2553
-6666
4832
-5258
6422
-3112
7118
-532
6810
2129
5549
4492
3509
6215
969
7075
-1695
6936
-4133
5821
-5980
3888
-7001
1414
-7023
-1265
-6062
-3761
-4258
-5731
-1846
-6901
819
-7095
3377
-6289
5451
-4608
6766
-2272
7129
384
6489
2977
4934
5159
2691
6606
69
7142
-2566
6660
-4844
5250
-6427
3101
-7119
515
-6805
-2139
-5546
-4500
-3495
-6221
-954
-7077
1718
-6929
4145
-5811
5991
-3881
7002
-1396
7023
1280
6059
3778
4238
5740
1827
6900
-839
7090
-3393
6279
-5464
4591
-6773
2258
-7133
-394
-6486
-2990
-4922
-5167
-2673
-6619
-50
-7141
2586
-6652
4855
-5237
6435
-3081
7125
-496
6805
2161
5530
4517
3471
6237
937
7083
-1741
6928
-4162
5796
-6002
3853
-7000
1372
-7016
-1311
-6046
-3792
-4221
-5761
-1809
-6910
863
-7087
3414
-6271
5479
-4570
6790
-2230
7131
421
6475
3018
4906
5187
2658
6632
26
7140
-2611
6648
-4871
5227
-6450
3063
-7123
473
-6795
-2186
-5519
-4533
-3455
-6248
-920
-7084
1755
-6921
4178
-5788
6015
-3838
7007
-1358
7011
1323
6040
3810
4212
5768
1796
6910
-882
7078
-3428
6262
-5491
4563
-6792
2220
-7126
-434
-6466
-3030
-4891
-5193
-2638
-6638
-4
-7141
2626
-6644
4888
-5213
6461
-3043
7123
-453
6786
2207
5502
4546
3439
6259
894
7088
-1773
6916
-4196
5775
-6028
3816
-7011
1332
-7013
-1346
-6026
-3831
-4189
-5778
-1770
-6917
901
-7078
3449
-6252
5509
-4538
6793
-2193
7125
461
6455
3049
4877
5215
2621
6642
-16
7136
-2640
6637
-4899
5191
-6466
3028
-7122
425
-6788
-2222
-5486
-4567
-3419
-6266
-872
-7090
1798
-6918
4217
-5761
6038
-3808
7018
-1315
7007
1368
6015
3845
4177
5796
1754
6921
-921
7079
-3469
6243
-5520
4523
-6796
2175
-7122
-479
-6443
-3070
-4858
-5227
-2598
-6649
41
-7136
2660
-6625
4913
-5176
6477
-3006
7124
-407
6774
2242
5478
4586
3401
6278
856
7092
-1813
6904
-4227
5749
-6055
3791
-7023
1293
-7008
-1379
-6003
-3869
-4161
-5803
-1727
-6923
947
-7080
3486
-6226
5541
-4514
6809
-2156
7123
502
6436
3081
4843
5244
2576
6651
-58
7138
-2679
6618
-4929
5163
-6484
2988
-7129
386
-6768
-2266
-5461
-4603
-3379
-6288
-833
-7092
1840
-6901
4252
-5731
6067
-3767
7026
-1268
6999
1402
5992
3883
4142
5815
1707
6929
-964
7072
-3507
6223
-5544
4488
-6815
2140
-7120
-520
-6427
-3107
-4831
-5250
-2553
-6665
76
-7139
2701
-6608
4942
-5149
6489
-2964
7129
-373
6763
2281
5451
4613
3367
6291
817
7097
-1853
6893
-4259
5727
-6071
3749
-7028
1253
-6997
-1422
-5976
-3897
-4129
-5825
-1688
-6941
982
-7072
3522
-6216
5561
-4483
6823
-2122
7118
537
6421
3124
4815
5267
2531
6671
-92
7137
-2719
6602
-4955
5133
-6499
2948
-7130
354
-6758
-2299
-5440
-4632
-3349
-6301
-797
-7095
1876
-6887
4276
-5717
6085
-3733
7020
-1236
6986
1444
5973
3914
4109
5835
1674
6941
-1004
7065
-3536
6204
-5573
4466
-6822
2103
-7115
-555
-6410
-3138
-4798
-5278
-2529
-6684
116
-7141
2736
-6594
4969
-5127
6508
-2937
7137
-332
6756
2324
5426
4645
3330
6313
780
7095
-1895
6880
-4293
5706
-6093
3715
-7037
1220
-6985
-1456
-5959
-3930
-4096
-5847
-1655
-6944
1025
-7064
3549
-6195
5578
-4448
6827
-2086
7115
576
6412
3154
4789
5293
2507
6686
-133
7137
-2750
6593
-4980
5110
-6514
2916
-7128
309
-6746
-2338
-5417
-4653
-3311
-6322
-758
-7097
1914
-6878
4311
-5695
6109
-3704
7036
-1200
6984
1479
5949
3941
4072
5858
1636
6955
-1037
7061
-3567
6182
-5592
4436
-6832
2066
-7113
-596
-6397
-3174
-4773
-5305
-2490
-6693
153
-7141
2763
-6583
4996
-5095
6524
-2903
7132
-291
6743
2353
5397
4672
3302
6332
738
7101
-1932
6872
-4325
5680
-6117
3689
-7041
1179
-6984
-1502
-5938
-3965
-4059
-5872
-1610
-6957
1063
-7064
3591
-6176
5607
-4418
6839
-2046
7107
621
6389
3192
4758
5322
2468
6709
-176
7140
-2784
6577
-5018
5082
-6534
2878
-7136
270
-6731
-2375
-5386
-4687
-3277
-6338
-717
-7101
1953
-6869
4350
-5668
6128
-3670
7047
-1158
6973
1519
5916
3978
4043
5885
1589
6959
-1085
7058
-3606
6161
-5623
4403
-6846
2019
-7110
-641
-6374
-3216
-4741
-5340
-2444
-6711
202
-7137
2810
-6562
5034
-5069
6539
-2858
7138
-248
6722
2395
5367
4702
3260
6347
693
7102
-1975
6857
-4357
5656
-6139
3648
-7045
1130
-6975
-1538
-5911
-3998
-4026
-5896
-1568
-6965
1101
-7054
3625
-6151
5634
-4390
6847
-1997
7107
661
6365
3233
4727
5350
2426
6715
-215
7140
-2828
6554
-5048
5052
-6546
2837
-7135
225
-6713
-2414
-5361
-4721
-3239
-6361
-673
-7108
1989
-6853
4380
-5639
6145
-3633
7049
-1117
6968
1558
5905
4017
4010
0
1588
1168
1152
1360
1616
1556
1040
1360
1256
1066
2026
1508
1312
1192
1462
1549
1160
1324
1152
1926
1384
1853
1154
1684
1493
1750
1280
1280
1370
1538
1065
1362
1394
1241
1035
1521
1254
1159
1125
1862
1868
1766
1190
1988
1262
1152
1640
1674
1796
1594
1062
1445
1661
1067
1566
1526
2031
1401
1746
1222
1667
1205
1970
1822
1944
1931
1205
2009
1086
2037
1192
1258
1980
1738
1058
1152
1203
1891
1098
1154
1556
1350
1597
1940
1620
1580
1980
1802
1563
1238
1352
1346
1558
1599
1594
1549
1533
1274
1428
1109
1794
1770
1562
1686
1417
2010
1352
1110
1462
1250
1342
1906
1387
1764
1515
1180
1254
1867
1279
1135
1901
1151
1429
1750
1359
1683
1565
1062
1355
1884
1473
1045
1156
1650
1583
1428
1357
1773
1525
1099
1162
1164
1212
1126
1064
1418
1494
1210
1723
1025
1706
1913
1303
1350
1795
1162
1640
1530
1184
1170
1896
1459
1828
1402
1641
1149
1327
2037
1537
1745
1998
1315
1188
1030
1989
1935
1354
1192
1398
1832
1912
1295
1774
1113
1416
1158
1563
1791
1425
1780
1599
1926
1825
1061
1049
1668
1069
1146
1862
1834
1812
1356
1764
1402
1258
1806
1296
1940
1280
1910
1954
1561
1260
1341
1160
1113
1315
1239
1145
1788
1447
1167
1534
1921
1620
1662
1134
1090
1034
1220
1973
1484
1481
1769
1588
1553
1102
1202
1305
1225
1025
1378
1241
1186
1508
1603
1113
1204
1458
1350
1729
1425
1422
1179
1805
1751
1954
1137
1451
1962
1800
1466
1508
1025
1768
1341
1267
1385
1803
1462
1810
1985
1172
1168
-3498
-6225
-958
-7078
1713
-6935
4151
-5811
5993
-3877
7007
-1396
7027
1281
6053
3781
4247
5737
1826
6898
-843
7091
-3399
6281
-5468
4593
-6771
2248
-7131
-393
-6482
-2996
-4922
-5167
-2673
-6617
-48
-7146
2587
-6655
4852
-5238
6440
-3079
7127
-491
6805
2168
5526
4522
3472
6235
935
7083
-1736
6923
-4169
5800
-6004
3850
-7005
1369
-7020
-1306
-6046
-3804
-4224
-5754
-1801
-6906
864
-7078
3413
-6269
5487
-4574
6788
-2231
7130
420
6465
3022
4902
5187
2646
6629
22
7142
-2613
6645
-4875
5216
-6452
3057
-7122
469
-6791
-2191
-5512
-4542
-3447
-6249
-913
-7079
1758
-6913
4189
-5792
6025
-3831
7019
-1338
7014
1327
6043
3817
4200
5772
1789
6918
-889
7081
-3436
6263
-5502
4558
-6794
2217
-7128
-438
-6462
-3039
-4895
-5198
-2627
-6636
1
-7142
2629
-6643
4886
-5209
6460
-3043
7120
-447
6788
2207
5502
4553
3439
6259
898
7081
-1776
6910
-4198
5773
-6028
3822
-7015
1338
-7011
-1346
-6031
-3828
-4194
-5777
-1774
-6915
903
-7079
3445
-6254
5505
-4539
6792
-2201
7126
454
6453
3046
4877
5213
2620
6646
-12
7135
-2641
6636
-4895
5196
-6468
3027
-7123
430
-6793
-2208
-5492
-4561
-3429
-6268
-882
-7083
1796
-6909
4210
-5762
6031
-3805
7015
-1320
7010
1358
6022
3841
4180
5790
1755
6916
-920
7077
-3458
6242
-5519
4532
-6796
2182
-7121
-478
-6450
-3067
-4862
-5228
-2602
-6653
33
-7137
2660
-6631
4914
-5181
6477
-3014
7126
-407
6779
2242
5477
4583
3406
6273
857
7089
-1812
6904
-4229
5749
-6052
3792
-7024
1297
-7006
-1383
-6002
-3862
-4160
-5801
-1728
-6923
945
-7075
3483
-6232
5536
-4517
6804
-2160
7125
504
6432
3084
4854
5246
2584
6662
-58
7140
-2677
6617
-4927
5159
-6482
2987
-7125
388
-6770
-2266
-5459
-4600
-3387
-6283
-833
-7095
1838
-6901
4250
-5738
6070
-3776
7029
-1265
7002
1404
5991
3880
4141
5815
1706
6929
-966
7074
-3498
6221
-5548
4497
-6808
2140
-7126
-521
-6425
-3110
-4835
-5259
-2561
-6669
80
-7144
2701
-6609
4943
-5154
6494
-2965
7132
-363
6765
2281
5448
4615
3370
6290
814
7094
-1856
6893
-4261
5727
-6070
3760
-7032
1255
-7000
-1421
-5983
-3897
-4126
-5826
-1685
-6933
984
-7070
3518
-6213
5562
-4480
6815
-2115
7119
538
6420
3127
4821
5272
2542
6673
-93
7144
-2718
6599
-4955
5138
-6500
2945
-7130
347
-6758
-2302
-5436
-4628
-3347
-6301
-795
-7095
1876
-6880
4287
-5710
6084
-3736
7036
-1234
6988
1437
5972
3915
4111
5838
1673
6943
-999
7072
-3534
6208
-5570
4471
-6824
2100
-7114
-555
-6411
-3139
-4808
-5281
-2523
-6683
109
-7143
2738
-6595
4967
-5121
6510
-2930
7132
-331
6750
2318
5424
4641
3332
6309
771
7093
-1895
6884
-4300
5709
-6093
3715
-7038
1216
-6983
-1457
-5955
-3934
-4088
-5848
-1649
-6943
1025
-7063
3554
-6200
5580
-4453
6831
-2079
7117
583
6405
3168
4789
5293
2504
6689
-131
7140
-2756
6585
-4986
5112
-6522
2909
-7135
309
-6752
-2340
-5412
-4660
-3313
-6328
-751
-7101
1919
-6876
4314
-5691
6103
-3697
7042
-1192
6980
1483
5948
3950
4069
5863
1627
6949
-1048
7061
-3568
6187
-5591
4432
-6833
2069
-7119
-602
-6399
-3179
-4771
-5308
-2489
-6696
152
-7135
2768
-6585
4997
-5091
6527
-2905
7125
-301
6747
2360
5397
4669
3300
6335
731
7101
-1931
6872
-4326
5676
-6112
3687
-7041
1176
-6982
-1505
-5939
-3966
-4056
-5876
-1612
-6958
1069
-7062
3585
-6174
5610
-4418
6845
-2044
7117
626
6386
3193
4763
5324
2474
6702
-176
7138
-2792
6574
-5016
5078
-6539
2880
-7135
270
-6737
-2377
-5385
-4686
-3282
-6342
-711
-7105
1952
-6866
4345
-5667
6121
-3673
7046
-1159
6972
1516
5925
3977
4043
5884
1599
6958
-1080
7058
-3596
6164
-5620
4405
-6843
2023
-7109
-641
-6385
-3192
-4747
-5334
-2450
-6706
191
-7136
2802
-6563
5025
-5066
6543
-2864
7139
-254
6732
2389
5378
4705
3262
6349
695
7106
-1967
6863
-4360
5656
-6132
3659
-7051
1137
-6971
-1538
-5912
-4002
-4028
-5896
-1573
-6962
1094
-7055
3616
-6152
5632
-4388
6848
-2009
7108
662
6366
3229
4731
5345
2428
6710
-215
7136
-2828
6556
-5047
5050
-6552
2842
-7137
227
-6724
-2415
-5359
-4719
-3245
-6363
-671
-7109
1992
-6855
4376
-5643
6143
-3638
7052
-1114
6966
1561
5900
4017
4017
5913
1559
6973
-1119
7052
-3636
6140
-5648
4371
-6854
1983
-7111
-678
-6353
-3251
-4720
-5360
-2406
-6720
231
-7139
2845
-6547
5060
-5042
6559
-2829
7139
-210
6717
2426
5347
4731
3222
6366
653
7112
-2006
6850
-4388
5629
-6152
3621
-7053
1100
-6962
-1578
-5893
-4031
-3993
-5915
-1538
-6976
1138
-7050
3652
-6135
5658
-4359
6865
-1963
7105
696
6347
3268
4704
5370
2390
6729
-254
7134
-2871
6536
-5069
5028
-6568
2800
-7135
188
-6709
-2456
-5330
-4748
-3206
-6381
-632
-7114
2035
-6837
4411
-5621
6163
-3600
7057
-1073
6952
1599
5877
4050
3974
5927
1514
6976
-1166
7042
-3674
6125
-5675
4340
-6876
1945
-7101
-717
-6343
-3285
-4686
-5384
-2370
-6735
271
-7133
2890
-6534
5083
-5013
6577
-2789
7138
-173
6700
2468
5315
4762
3187
6391
613
7114
-2051
6840
-4424
5607
-6174
3581
-7063
1051
-6956
-1624
-5873
-4064
-3960
-5941
-1499
-6987
1179
-7043
3696
-6113
5682
-4326
6880
-1931
7101
735
6328
3301
4667
5396
2351
6737
-298
7132
-2904
6526
-5097
4994
-6585
2767
-7137
146
-6694
-2485
-5302
-4778
-3174
-6396
-596
-7121
2064
-6836
4438
-5596
6190
-3568
7063
-1037
6950
1644
5862
4081
3944
5956
1477
6983
-1203
7038
-3705
6097
-5700
4303
-6878
1910
-7099
-761
-6318
-3318
-4653
-5417
-2330
-6748
321
-7130
2925
-6522
5115
-4979
6589
-2751
7135
-129
6682
2510
5289
4794
3157
6402
574
7112
-2083
6831
-4456
5576
-6193
3550
-7069
1017
-6941
-1657
-5851
-4099
-3930
-5966
-1460
-6982
1218
-7039
3723
-6092
5709
-4298
6882
-1893
7099
777
6315
3333
4642
5420
2319
6752
-336
7134
-2933
6511
-5124
4965
-6595
2741
-7136
112
-6683
-2526
-5279
-4812
-3143
-6412
-557
-7123
2101
-6823
4467
-5575
6201
-3532
7072
-997
6946
1674
5837
4111
3916
5977
1445
6991
-1241
7031
-3747
0
1588
1168
1152
1360
1616
1556
1040
1360
1256
1066
2026
1508
1312
1192
1462
1549
1160
1324
1152
1926
1384
1853
1154
1684
1493
1750
1280
1280
1370
1538
1065
1362
1394
1241
1035
1521
1254
1159
1125
1862
1868
1766
1190
1988
1262
1152
1640
1674
1796
1594
1062
1445
1661
1067
1566
1526
2031
1401
1746
1222
1667
1205
1970
1822
1944
1931
1205
2009
1086
2037
1192
1258
1980
1738
1058
1152
1203
1891
1098
1154
1556
1350
1597
1940
1620
1580
1980
1802
1563
1238
1352
1346
1558
1599
1594
1549
1533
1274
1428
1109
1794
1770
1562
1686
1417
2010
1352
1110
1462
1250
1342
1906
1387
1764
1515
1180
1254
1867
1279
1135
1901
1151
1429
1750
1359
1683
1565
1062
1355
1884
1473
1045
1156
1650
1583
1428
1357
1773
1525
1099
1162
1164
1212
1126
1064
1418
1494
1210
1723
1025
1706
1913
1303
1350
1795
1162
1640
1530
1184
1170
1896
1459
1828
1402
1641
1149
1327
2037
1537
1745
1998
1315
1188
1030
1989
1935
1354
1192
1398
1832
1912
1295
1774
1113
1416
1158
1563
1791
1425
1780
1599
1926
1825
1061
1049
1668
1069
1146
1862
1834
1812
1356
1764
1402
1258
1806
1296
1940
1280
1910
1954
1561
1260
1341
1160
1113
1315
1239
1145
1788
1447
1167
1534
1921
1620
1662
1134
1090
1034
1220
1973
1484
1481
1769
1588
1553
1102
1202
1305
1225
1025
1378
1241
1186
1508
1603
1113
1204
1458
1350
1729
1425
1422
1179
1805
1751
1954
1137
1451
1962
1800
1466
1508
1025
1768
1341
1267
1385
1803
1462
1810
1985
1172
1168
-3498
-6225
-958
-7078
1713
-6935
4151
-5811
5993
-3877
7007
-1396
7027
1281
6053
3781
4247
5737
1826
6898
-843
7091
-3399
6281
-5468
4593
-6771
2248
-7131
-393
-6482
-2996
-4922
-5167
-2673
-6617
-48
-7146
2587
-6655
4852
-5238
6440
-3079
7127
-491
6805
2168
5526
4522
3472
6235
935
7083
-1736
6923
-4169
5800
-6004
3850
-7005
1369
-7020
-1306
-6046
-3804
-4224
-5754
-1801
-6906
864
-7078
3413
-6269
5487
-4574
6788
-2231
7130
420
6465
3022
4902
5187
2646
6629
22
7142
-2613
6645
-4875
5216
-6452
3057
-7122
469
-6791
-2191
-5512
-4542
-3447
-6249
-913
-7079
1758
-6913
4189
-5792
6025
-3831
7019
-1338
7014
1327
6043
3817
4200
5772
1789
6918
-889
7081
-3436
6263
-5502
4558
-6794
2217
-7128
-438
-6462
-3039
-4895
-5198
-2627
-6636
1
-7142
2629
-6643
4886
-5209
6460
-3043
7120
-447
6788
2207
5502
4553
3439
6259
898
7081
-1776
6910
-4198
5773
-6028
3822
-7015
1338
-7011
-1346
-6031
-3828
-4194
-5777
-1774
-6915
903
-7079
3445
-6254
5505
-4539
6792
-2201
7126
454
6453
3046
4877
5213
2620
6646
-12
7135
-2641
6636
-4895
5196
-6468
3027
-7123
430
-6793
-2208
-5492
-4561
-3429
-6268
-882
-7083
1796
-6909
4210
-5762
6031
-3805
7015
-1320
7010
1358
6022
3841
4180
5790
1755
6916
-920
7077
-3458
6242
-5519
4532
-6796
2182
-7121
-478
-6450
-3067
-4862
-5228
-2602
-6653
33
-7137
2660
-6631
4914
-5181
6477
-3014
7126
-407
6779
2242
5477
4583
3406
6273
857
7089
-1812
6904
-4229
5749
-6052
3792
-7024
1297
-7006
-1383
-6002
-3862
-4160
-5801
-1728
-6923
945
-7075
3483
-6232
5536
-4517
6804
-2160
7125
504
6432
3084
4854
5246
2584
6662
-58
7140
-2677
6617
-4927
5159
-6482
2987
-7125
388
-6770
-2266
-5459
-4600
-3387
-6283
-833
-7095
1838
-6901
4250
-5738
6070
-3776
7029
-1265
7002
1404
5991
3880
4141
5815
1706
6929
-966
7074
-3498
6221
-5548
4497
-6808
2140
-7126
-521
-6425
-3110
-4835
-5259
-2561
-6669
80
-7144
2701
-6609
4943
-5154
6494
-2965
7132
-363
6765
2281
5448
4615
3370
6290
814
7094
-1856
6893
-4261
5727
-6070
3760
-7032
1255
-7000
-1421
-5983
-3897
-4126
-5826
-1685
-6933
984
-7070
3518
-6213
5562
-4480
6815
-2115
7119
538
6420
3127
4821
5272
2542
6673
-93
7144
-2718
6599
-4955
5138
-6500
2945
-7130
347
-6758
-2302
-5436
-4628
-3347
-6301
-795
-7095
1876
-6880
4287
-5710
6084
-3736
7036
-1234
6988
1437
5972
3915
4111
5838
1673
6943
-999
7072
-3534
6208
-5570
4471
-6824
2100
-7114
-555
-6411
-3139
-4808
-5281
-2523
-6683
109
-7143
2738
-6595
4967
-5121
6510
-2930
7132
-331
6750
2318
5424
4641
3332
6309
771
7093
-1895
6884
-4300
5709
-6093
3715
-7038
1216
-6983
-1457
-5955
-3934
-4088
-5848
-1649
-6943
1025
-7063
3554
-6200
5580
-4453
6831
-2079
7117
583
6405
3168
4789
5293
2504
6689
-131
7140
-2756
6585
-4986
5112
-6522
2909
-7135
309
-6752
-2340
-5412
-4660
-3313
-6328
-751
-7101
1919
-6876
4314
-5691
6103
-3697
7042
-1192
6980
1483
5948
3950
4069
5863
1627
6949
-1048
7061
-3568
6187
-5591
4432
-6833
2069
-7119
-602
-6399
-3179
-4771
-5308
-2489
-6696
152
-7135
2768
-6585
4997
-5091
6527
-2905
7125
-301
6747
2360
5397
4669
3300
6335
731
7101
-1931
6872
-4326
5676
-6112
3687
-7041
1176
-6982
-1505
-5939
-3966
-4056
-5876
-1612
-6958
1069
-7062
3585
-6174
5610
-4418
6845
-2044
7117
626
6386
3193
4763
5324
2474
6702
-176
7138
-2792
6574
-5016
5078
-6539
2880
-7135
270
-6737
-2377
-5385
-4686
-3282
-6342
-711
-7105
1952
-6866
4345
-5667
6121
-3673
7046
-1159
6972
1516
5925
3977
4043
5884
1599
6958
-1080
7058
-3596
6164
-5620
4405
-6843
2023
-7109
-641
-6385
-3192
-4747
-5334
-2450
-6706
191
-7136
2802
-6563
5025
-5066
6543
-2864
7139
-254
6732
2389
5378
4705
3262
6349
695
7106
-1967
6863
-4360
5656
-6132
3659
-7051
1137
-6971
-1538
-5912
-4002
-4028
-5896
-1573
-6962
1094
-7055
3616
-6152
5632
-4388
6848
-2009
7108
662
6366
3229
4731
5345
2428
6710
-215
7136
-2828
6556
-5047
5050
-6552
2842
-7137
227
-6724
-2415
-5359
-4719
-3245
-6363
-671
-7109
1992
-6855
4376
-5643
6143
-3638
7052
-1114
6966
1561
5900
4017
4017
5913
1559
6973
-1119
7052
-3636
6140
-5648
4371
-6854
1983
-7111
-678
-6353
-3251
-4720
-5360
-2406
-6720
231
-7139
2845
-6547
5060
-5042
6559
-2829
7139
-210
6717
2426
5347
4731
3222
6366
653
7112
-2006
6850
-4388
5629
-6152
3621
-7053
1100
-6962
-1578
-5893
-4031
-3993
-5915
-1538
-6976
1138
-7050
3652
-6135
5658
-4359
6865
-1963
7105
696
6347
3268
4704
5370
2390
6729
-254
7134
-2871
6536
-5069
5028
-6568
2800
-7135
188
-6709
-2456
-5330
-4748
-3206
-6381
-632
-7114
2035
-6837
4411
-5621
6163
-3600
7057
-1073
6952
1599
5877
4050
3974
5927
1514
6976
-1166
7042
-3674
6125
-5675
4340
-6876
1945
-7101
-717
-6343
-3285
-4686
-5384
-2370
-6735
271
-7133
2890
-6534
5083
-5013
6577
-2789
7138
-173
6700
2468
5315
4762
3187
6391
613
7114
-2051
6840
-4424
5607
-6174
3581
-7063
1051
-6956
-1624
-5873
-4064
-3960
-5941
-1499
-6987
1179
-7043
3696
-6113
5682
-4326
6880
-1931
7101
735
6328
3301
4667
5396
2351
6737
-298
7132
-2904
6526
-5097
4994
-6585
2767
-7137
146
-6694
-2485
-5302
-4778
-3174
-6396
-596
-7121
2064
-6836
4438
-5596
6190
-3568
7063
-1037
6950
1644
5862
4081
3944
5956
1477
6983
-1203
7038
-3705
6097
-5700
4303
-6878
1910
-7099
-761
-6318
-3318
-4653
-5417
-2330
-6748
321
-7130
2925
-6522
5115
-4979
6589
-2751
7135
-129
6682
2510
5289
4794
3157
6402
574
7112
-2083
6831
-4456
5576
-6193
3550
-7069
1017
-6941
-1657
-5851
-4099
-3930
-5966
-1460
-6982
1218
-7039
3723
-6092
5709
-4298
6882
-1893
7099
777
6315
3333
4642
5420
2319
6752
-336
7134
-2933
6511
-5124
4965
-6595
2741
-7136
112
-6683
-2526
-5279
-4812
-3143
-6412
-557
-7123
2101
-6823
4467
-5575
6201
-3532
7072
-997
6946
1674
5837
4111
3916
5977
1445
6991
-1241
7031
-3747
0
1588
1168
1152
1360
1616
1556
1040
1360
1256
1066
2026
1508
1312
1192
1462
1549
1160
1324
1152
1926
1384
1853
1154
1684
1493
1750
1280
1280
1370
1538
1065
1362
1394
1241
1035
1521
1254
1159
1125
1862
1868
1766
1190
1988
1262
1152
1640
1674
1796
1594
1062
1445
1661
1067
1566
1526
2031
1401
1746
1222
1667
1205
1970
1822
1944
1931
1205
2009
1086
2037
1192
1258
1980
1738
1058
1152
1203
1891
1098
1154
1556
1350
1597
1940
1620
1580
1980
1802
1563
1238
1352
1346
1558
1599
1594
1549
1533
1274
1428
1109
1794
1770
1562
1686
1417
2010
1352
1110
1462
1250
1342
1906
1387
1764
1515
1180
1254
1867
1279
1135
1901
1151
1429
1750
1359
1683
1565
1062
1355
1884
1473
1045
1156
1650
1583
1428
1357
1773
1525
1099
1162
1164
1212
1126
1064
1418
1494
1210
1723
1025
1706
1913
1303
1350
1795
1162
1640
1530
1184
1170
1896
1459
1828
1402
1641
1149
1327
2037
1537
1745
1998
1315
1188
1030
1989
1935
1354
1192
1398
1832
1912
1295
1774
1113
1416
1158
1563
1791
1425
1780
1599
1926
1825
1061
1049
1668
1069
1146
1862
1834
1812
1356
1764
1402
1258
1806
1296
1940
1280
1910
1954
1561
1260
1341
1160
1113
1315
1239
1145
1788
1447
1167
1534
1921
1620
1662
1134
1090
1034
1220
1973
1484
1481
1769
1588
1553
1102
1202
1305
1225
1025
1378
1241
1186
1508
1603
1113
1204
1458
1350
1729
1425
1422
1179
1805
1751
1954
1137
1451
1962
1800
1466
1508
1025
1768
1341
1267
1385
1803
1462
1810
1985
1172
1168
-3498
-6225
-958
-7078
1713
-6935
4151
-5811
5993
-3877
7007
-1396
7027
1281
6053
3781
4247
5737
1826
6898
-843
7091
-3399
6281
-5468
4593
-6771
2248
-7131
-393
-6482
-2996
-4922
-5167
-2673
-6617
-48
-7146
2587
-6655
4852
-5238
6440
-3079
7127
-491
6805
2168
5526
4522
3472
6235
935
7083
-1736
6923
-4169
5800
-6004
3850
-7005
1369
-7020
-1306
-6046
-3804
-4224
-5754
-1801
-6906
864
-7078
3413
-6269
5487
-4574
6788
-2231
7130
420
6465
3022
4902
5187
2646
6629
22
7142
-2613
6645
-4875
5216
-6452
3057
-7122
469
-6791
-2191
-5512
-4542
-3447
-6249
-913
-7079
1758
-6913
4189
-5792
6025
-3831
7019
-1338
7014
1327
6043
3817
4200
5772
1789
6918
-889
7081
-3436
6263
-5502
4558
-6794
2217
-7128
-438
-6462
-3039
-4895
-5198
-2627
-6636
1
-7142
2629
-6643
4886
-5209
6460
-3043
7120
-447
6788
2207
5502
4553
3439
6259
898
7081
-1776
6910
-4198
5773
-6028
3822
-7015
1338
-7011
-1346
-6031
-3828
-4194
-5777
-1774
-6915
903
-7079
3445
-6254
5505
-4539
6792
-2201
7126
454
6453
3046
4877
5213
2620
6646
-12
7135
-2641
6636
-4895
5196
-6468
3027
-7123
430
-6793
-2208
-5492
-4561
-3429
-6268
-882
-7083
1796
-6909
4210
-5762
6031
-3805
7015
-1320
7010
1358
6022
3841
4180
5790
1755
6916
-920
7077
-3458
6242
-5519
4532
-6796
2182
-7121
-478
-6450
-3067
-4862
-5228
-2602
-6653
33
-7137
2660
-6631
4914
-5181
6477
-3014
7126
-407
6779
2242
5477
4583
3406
6273
857
7089
-1812
6904
-4229
5749
-6052
3792
-7024
1297
-7006
-1383
-6002
-3862
-4160
-5801
-1728
-6923
945
-7075
3483
-6232
5536
-4517
6804
-2160
7125
504
6432
3084
4854
5246
2584
6662
-58
7140
-2677
6617
-4927
5159
-6482
2987
-7125
388
-6770
-2266
-5459
-4600
-3387
-6283
-833
-7095
1838
-6901
4250
-5738
6070
-3776
7029
-1265
7002
1404
5991
3880
4141
5815
1706
6929
-966
7074
-3498
6221
-5548
4497
-6808
2140
-7126
-521
-6425
-3110
-4835
-5259
-2561
-6669
80
-7144
2701
-6609
4943
-5154
6494
-2965
7132
-363
6765
2281
5448
4615
3370
6290
814
7094
-1856
6893
-4261
5727
-6070
3760
-7032
1255
-7000
-1421
-5983
-3897
-4126
-5826
-1685
-6933
984
-7070
3518
-6213
5562
-4480
6815
-2115
7119
538
6420
3127
4821
5272
2542
6673
-93
7144
-2718
6599
-4955
5138
-6500
2945
-7130
347
-6758
-2302
-5436
-4628
-3347
-6301
-795
-7095
1876
-6880
4287
-5710
6084
-3736
7036
-1234
6988
1437
5972
3915
4111
5838
1673
6943
-999
7072
-3534
6208
-5570
4471
-6824
2100
-7114
-555
-6411
-3139
-4808
-5281
-2523
-6683
109
-7143
2738
-6595
4967
-5121
6510
-2930
7132
-331
6750
2318
5424
4641
3332
6309
771
7093
-1895
6884
-4300
5709
-6093
3715
-7038
1216
-6983
-1457
-5955
-3934
-4088
-5848
-1649
-6943
1025
-7063
3554
-6200
5580
-4453
6831
-2079
7117
583
6405
3168
4789
5293
2504
6689
-131
7140
-2756
6585
-4986
5112
-6522
2909
-7135
309
-6752
-2340
-5412
-4660
-3313
-6328
-751
-7101
1919
-6876
4314
-5691
6103
-3697
7042
-1192
6980
1483
5948
3950
4069
5863
1627
6949
-1048
7061
-3568
6187
-5591
4432
-6833
2069
-7119
-602
-6399
-3179
-4771
-5308
-2489
-6696
152
-7135
2768
-6585
4997
-5091
6527
-2905
7125
-301
6747
2360
5397
4669
3300
6335
731
7101
-1931
6872
-4326
5676
-6112
3687
-7041
1176
-6982
-1505
-5939
-3966
-4056
-5876
-1612
-6958
1069
-7062
3585
-6174
5610
-4418
6845
-2044
7117
626
6386
3193
4763
5324
2474
6702
-176
7138
-2792
6574
-5016
5078
-6539
2880
-7135
270
-6737
-2377
-5385
-4686
-3282
-6342
-711
-7105
1952
-6866
4345
-5667
6121
-3673
7046
-1159
6972
1516
5925
3977
4043
5884
1599
6958
-1080
7058
-3596
6164
-5620
4405
-6843
2023
-7109
-641
-6385
-3192
-4747
-5334
-2450
-6706
191
-7136
2802
-6563
5025
-5066
6543
-2864
7139
-254
6732
2389
5378
4705
3262
6349
695
7106
-1967
6863
-4360
5656
-6132
3659
-7051
1137
-6971
-1538
-5912
-4002
-4028
-5896
-1573
-6962
1094
-7055
3616
-6152
5632
-4388
6848
-2009
7108
662
6366
3229
4731
5345
2428
6710
-215
7136
-2828
6556
-5047
5050
-6552
2842
-7137
227
-6724
-2415
-5359
-4719
-3245
-6363
-671
-7109
1992
-6855
4376
-5643
6143
-3638
7052
-1114
6966
1561
5900
4017
4017
5913
1559
6973
-1119
7052
-3636
6140
-5648
4371
-6854
1983
-7111
-678
-6353
-3251
-4720
-5360
-2406
-6720
231
-7139
2845
-6547
5060
-5042
6559
-2829
7139
-210
6717
2426
5347
4731
3222
6366
653
7112
-2006
6850
-4388
5629
-6152
3621
-7053
1100
-6962
-1578
-5893
-4031
-3993
-5915
-1538
-6976
1138
-7050
3652
-6135
5658
-4359
6865
-1963
7105
696
6347
3268
4704
5370
2390
6729
-254
7134
-2871
6536
-5069
5028
-6568
2800
-7135
188
-6709
-2456
-5330
-4748
-3206
-6381
-632
-7114
2035
-6837
4411
-5621
6163
-3600
7057
-1073
6952
1599
5877
4050
3974
5927
1514
6976
-1166
7042
-3674
6125
-5675
4340
-6876
1945
-7101
-717
-6343
-3285
-4686
-5384
-2370
-6735
271
-7133
2890
-6534
5083
-5013
6577
-2789
7138
-173
6700
2468
5315
4762
3187
6391
613
7114
-2051
6840
-4424
5607
-6174
3581
-7063
1051
-6956
-1624
-5873
-4064
-3960
-5941
-1499
-6987
1179
-7043
3696
-6113
5682
-4326
6880
-1931
7101
735
6328
3301
4667
5396
2351
6737
-298
7132
-2904
6526
-5097
4994
-6585
2767
-7137
146
-6694
-2485
-5302
-4778
-3174
-6396
-596
-7121
2064
-6836
4438
-5596
6190
-3568
7063
-1037
6950
1644
5862
4081
3944
5956
1477
6983
-1203
7038
-3705
6097
-5700
4303
-6878
1910
-7099
-761
-6318
-3318
-4653
-5417
-2330
-6748
321
-7130
2925
-6522
5115
-4979
6589
-2751
7135
-129
6682
2510
5289
4794
3157
6402
574
7112
-2083
6831
-4456
5576
-6193
3550
-7069
1017
-6941
-1657
-5851
-4099
-3930
-5966
-1460
-6982
1218
-7039
3723
-6092
5709
-4298
6882
-1893
7099
777
6315
3333
4642
5420
2319
6752
-336
7134
-2933
6511
-5124
4965
-6595
2741
-7136
112
-6683
-2526
-5279
-4812
-3143
-6412
-557
-7123
2101
-6823
4467
-5575
6201
-3532
7072
-997
6946
1674
5837
4111
3916
5977
1445
6991
-1241
7031
-3747
0
1588
1168
1152
1360
1616
1556
1040
1360
1256
1066
2026
1508
1312
1192
1462
1549
1160
1324
1152
1926
1384
1853
1154
1684
1493
1750
1280
1280
1370
1538
1065
1362
1394
1241
1035
1521
1254
1159
1125
1862
1868
1766
1190
1988
1262
1152
1640
1674
1796
1594
1062
1445
1661
1067
1566
1526
2031
1401
1746
1222
1667
1205
1970
1822
1944
1931
1205
2009
1086
2037
1192
1258
1980
1738
1058
1152
1203
1891
1098
1154
1556
1350
1597
1940
1620
1580
1980
1802
1563
1238
1352
1346
1558
1599
1594
1549
1533
1274
1428
1109
1794
1770
1562
1686
1417
2010
1352
1110
1462
1250
1342
1906
1387
1764
1515
1180
1254
1867
1279
1135
1901
1151
1429
1750
1359
1683
1565
1062
1355
1884
1473
1045
1156
1650
1583
1428
1357
1773
1525
1099
1162
1164
1212
1126
1064
1418
1494
1210
1723
1025
1706
1913
1303
1350
1795
1162
1640
1530
1184
1170
1896
1459
1828
1402
1641
1149
1327
2037
1537
1745
1998
1315
1188
1030
1989
1935
1354
1192
1398
1832
1912
1295
1774
1113
1416
1158
1563
1791
1425
1780
1599
1926
1825
1061
1049
1668
1069
1146
1862
1834
1812
1356
1764
1402
1258
1806
1296
1940
1280
1910
1954
1561
1260
1341
1160
1113
1315
1239
1145
1788
1447
1167
1534
1921
1620
1662
1134
1090
1034
1220
1973
1484
1481
1769
1588
1553
1102
1202
1305
1225
1025
1378
1241
1186
1508
1603
1113
1204
1458
1350
1729
1425
1422
1179
1805
1751
1954
1137
1451
1962
1800
1466
1508
1025
1768
1341
1267
1385
1803
1462
1810
1985
1172
1168
-3498
-6225
-958
-7078
1713
-6935
4151
-5811
5993
-3877
7007
-1396
7027
1281
6053
3781
4247
5737
1826
6898
-843
7091
-3399
6281
-5468
4593
-6771
2248
-7131
-393
-6482
-2996
-4922
-5167
-2673
-6617
-48
-7146
2587
-6655
4852
-5238
6440
-3079
7127
-491
6805
2168
5526
4522
3472
6235
935
7083
-1736
6923
-4169
5800
-6004
3850
-7005
1369
-7020
-1306
-6046
-3804
-4224
-5754
-1801
-6906
864
-7078
3413
-6269
5487
-4574
6788
-2231
7130
420
6465
3022
4902
5187
2646
6629
22
7142
-2613
6645
-4875
5216
-6452
3057
-7122
469
-6791
-2191
-5512
-4542
-3447
-6249
-913
-7079
1758
-6913
4189
-5792
6025
-3831
7019
-1338
7014
1327
6043
3817
4200
5772
1789
6918
-889
7081
-3436
6263
-5502
4558
-6794
2217
-7128
-438
-6462
-3039
-4895
-5198
-2627
-6636
1
-7142
2629
-6643
4886
-5209
6460
-3043
7120
-447
6788
2207
5502
4553
3439
6259
898
7081
-1776
6910
-4198
5773
-6028
3822
-7015
1338
-7011
-1346
-6031
-3828
-4194
-5777
-1774
-6915
903
-7079
3445
-6254
5505
-4539
6792
-2201
7126
454
6453
3046
4877
5213
2620
6646
-12
7135
-2641
6636
-4895
5196
-6468
3027
-7123
430
-6793
-2208
-5492
-4561
-3429
-6268
-882
-7083
1796
-6909
4210
-5762
6031
-3805
7015
-1320
7010
1358
6022
3841
4180
5790
1755
6916
-920
7077
-3458
6242
-5519
4532
-6796
2182
-7121
-478
-6450
-3067
-4862
-5228
-2602
-6653
33
-7137
2660
-6631
4914
-5181
6477
-3014
7126
-407
6779
2242
5477
4583
3406
6273
857
7089
-1812
6904
-4229
5749
-6052
3792
-7024
1297
-7006
-1383
-6002
-3862
-4160
-5801
-1728
-6923
945
-7075
3483
-6232
5536
-4517
6804
-2160
7125
504
6432
3084
4854
5246
2584
6662
-58
7140
-2677
6617
-4927
5159
-6482
2987
-7125
388
-6770
-2266
-5459
-4600
-3387
-6283
-833
-7095
1838
-6901
4250
-5738
6070
-3776
7029
-1265
7002
1404
5991
3880
4141
5815
1706
6929
-966
7074
-3498
6221
-5548
4497
-6808
2140
-7126
-521
-6425
-3110
-4835
-5259
-2561
-6669
80
-7144
2701
-6609
4943
-5154
6494
-2965
7132
-363
6765
2281
5448
4615
3370
6290
814
7094
-1856
6893
-4261
5727
-6070
3760
-7032
1255
-7000
-1421
-5983
-3897
-4126
-5826
-1685
-6933
984
-7070
3518
-6213
5562
-4480
6815
-2115
7119
538
6420
3127
4821
5272
2542
6673
-93
7144
-2718
6599
-4955
5138
-6500
2945
-7130
347
-6758
-2302
-5436
-4628
-3347
-6301
-795
-7095
1876
-6880
4287
-5710
6084
-3736
7036
-1234
6988
1437
5972
3915
4111
5838
1673
6943
-999
7072
-3534
6208
-5570
4471
-6824
2100
-7114
-555
-6411
-3139
-4808
-5281
-2523
-6683
109
-7143
2738
-6595
4967
-5121
6510
-2930
7132
-331
6750
2318
5424
4641
3332
6309
771
7093
-1895
6884
-4300
5709
-6093
3715
-7038
1216
-6983
-1457
-5955
-3934
-4088
-5848
-1649
-6943
1025
-7063
3554
-6200
5580
-4453
6831
-2079
7117
583
6405
3168
4789
5293
2504
6689
-131
7140
-2756
6585
-4986
5112
-6522
2909
-7135
309
-6752
-2340
-5412
-4660
-3313
-6328
-751
-7101
1919
-6876
4314
-5691
6103
-3697
7042
-1192
6980
1483
5948
3950
4069
5863
1627
6949
-1048
7061
-3568
6187
-5591
4432
-6833
2069
-7119
-602
-6399
-3179
-4771
-5308
-2489
-6696
152
-7135
2768
-6585
4997
-5091
6527
-2905
7125
-301
6747
2360
5397
4669
3300
6335
731
7101
-1931
6872
-4326
5676
-6112
3687
-7041
1176
-6982
-1505
-5939
-3966
-4056
-5876
-1612
-6958
1069
-7062
3585
-6174
5610
-4418
6845
-2044
7117
626
6386
3193
4763
5324
2474
6702
-176
7138
-2792
6574
-5016
5078
-6539
2880
-7135
270
-6737
-2377
-5385
-4686
-3282
-6342
-711
-7105
1952
-6866
4345
-5667
6121
-3673
7046
-1159
6972
1516
5925
3977
4043
5884
1599
6958
-1080
7058
-3596
6164
-5620
4405
-6843
2023
-7109
-641
-6385
-3192
-4747
-5334
-2450
-6706
191
-7136
2802
-6563
5025
-5066
6543
-2864
7139
-254
6732
2389
5378
4705
3262
6349
695
7106
-1967
6863
-4360
5656
-6132
3659
-7051
1137
-6971
-1538
-5912
-4002
-4028
-5896
-1573
-6962
1094
-7055
3616
-6152
5632
-4388
6848
-2009
7108
662
6366
3229
4731
5345
2428
6710
-215
7136
-2828
6556
-5047
5050
-6552
2842
-7137
227
-6724
-2415
-5359
-4719
-3245
-6363
-671
-7109
1992
-6855
4376
-5643
6143
-3638
7052
-1114
6966
1561
5900
4017
4017
5913
1559
6973
-1119
7052
-3636
6140
-5648
4371
-6854
1983
-7111
-678
-6353
-3251
-4720
-5360
-2406
-6720
231
-7139
2845
-6547
5060
-5042
6559
-2829
7139
-210
6717
2426
5347
4731
3222
6366
653
7112
-2006
6850
-4388
5629
-6152
3621
-7053
1100
-6962
-1578
-5893
-4031
-3993
-5915
-1538
-6976
1138
-7050
3652
-6135
5658
-4359
6865
-1963
7105
696
6347
3268
4704
5370
2390
6729
-254
7134
-2871
6536
-5069
5028
-6568
2800
-7135
188
-6709
-2456
-5330
-4748
-3206
-6381
-632
-7114
2035
-6837
4411
-5621
6163
-3600
7057
-1073
6952
1599
5877
4050
3974
5927
1514
6976
-1166
7042
-3674
6125
-5675
4340
-6876
1945
-7101
-717
-6343
-3285
-4686
-5384
-2370
-6735
271
-7133
2890
-6534
5083
-5013
6577
-2789
7138
-173
6700
2468
5315
4762
3187
6391
613
7114
-2051
6840
-4424
5607
-6174
3581
-7063
1051
-6956
-1624
-5873
-4064
-3960
-5941
-1499
-6987
1179
-7043
3696
-6113
5682
-4326
6880
-1931
7101
735
6328
3301
4667
5396
2351
6737
-298
7132
-2904
6526
-5097
4994
-6585
2767
-7137
146
-6694
-2485
-5302
-4778
-3174
-6396
-596
-7121
2064
-6836
4438
-5596
6190
-3568
7063
-1037
6950
1644
5862
4081
3944
5956
1477
6983
-1203
7038
-3705
6097
-5700
4303
-6878
1910
-7099
-761
-6318
-3318
-4653
-5417
-2330
-6748
321
-7130
2925
-6522
5115
-4979
6589
-2751
7135
-129
6682
2510
5289
4794
3157
6402
574
7112
-2083
6831
-4456
5576
-6193
3550
-7069
1017
-6941
-1657
-5851
-4099
-3930
-5966
-1460
-6982
1218
-7039
3723
-6092
5709
-4298
6882
-1893
7099
777
6315
3333
4642
5420
2319
6752
-336
7134
-2933
6511
-5124
4965
-6595
2741
-7136
112
-6683
-2526
-5279
-4812
-3143
-6412
-557
-7123
2101
-6823
4467
-5575
6201
-3532
7072
-997
6946
1674
5837
4111
3916
5977
1445
6991
-1241
7031
-3747
0
1588
1168
1152
1360
1616
1556
1040
1360
1256
1066
2026
1508
1312
1192
1462
1549
1160
1324
1152
1926
1384
1853
1154
1684
1493
1750
1280
1280
1370
1538
1065
1362
1394
1241
1035
1521
1254
1159
1125
1862
1868
1766
1190
1988
1262
1152
1640
1674
1796
1594
1062
1445
1661
1067
1566
1526
2031
1401
1746
1222
1667
1205
1970
1822
1944
1931
1205
2009
1086
2037
1192
1258
1980
1738
1058
1152
1203
1891
1098
1154
1556
1350
1597
1940
1620
1580
1980
1802
1563
1238
1352
1346
1558
1599
1594
1549
1533
1274
1428
1109
1794
1770
1562
1686
1417
2010
1352
1110
1462
1250
1342
1906
1387
1764
1515
1180
1254
1867
1279
1135
1901
1151
1429
1750
1359
1683
1565
1062
1355
1884
1473
1045
1156
1650
1583
1428
1357
1773
1525
1099
1162
1164
1212
1126
1064
1418
1494
1210
1723
1025
1706
1913
1303
1350
1795
1162
1640
1530
1184
1170
1896
1459
1828
1402
1641
1149
1327
2037
1537
1745
1998
1315
1188
1030
1989
1935
1354
1192
1398
1832
1912
1295
1774
1113
1416
1158
1563
1791
1425
1780
1599
1926
1825
1061
1049
1668
1069
1146
1862
1834
1812
1356
1764
1402
1258
1806
1296
1940
1280
1910
1954
1561
1260
1341
1160
1113
1315
1239
1145
1788
1447
1167
1534
1921
1620
1662
1134
1090
1034
1220
1973
1484
1481
1769
1588
1553
1102
1202
1305
1225
1025
1378
1241
1186
1508
1603
1113
1204
1458
1350
1729
1425
1422
1179
1805
1751
1954
1137
1451
1962
1800
1466
1508
1025
1768
1341
1267
1385
1803
1462
1810
1985
1172
1168
-2355
-6740
298
-7139
2898
-6527
5098
-4993
6572
-2768
7135
-147
6688
2485
5305
4781
3175
6391
598
7112
-2067
6836
-4424
5593
-6181
3563
-7062
1040
-6953
-1635
-5861
-4078
-3948
-5948
-1476
-6982
1200
-7040
3704
-6104
5696
-4316
6878
-1911
7104
756
6318
3319
4657
5413
2341
6745
-313
7135
-2919
6520
-5110
4981
-6582
2751
-7138
126
-6684
-2505
-5294
-4795
-3161
-6404
-576
-7112
2084
-6822
4454
-5584
6195
-3548
7067
-1021
6951
1654
5847
4098
3934
5964
1456
6990
-1224
7028
-3727
6089
-5705
4292
-6880
1889
-7093
-781
-6310
-3337
-4641
-5430
-2314
-6752
340
-7131
2934
-6505
5129
-4969
6603
-2726
7148
-103
6676
2519
5285
4804
3137
6410
558
7121
-2108
6823
-4466
5571
-6205
3531
-7073
997
-6941
-1675
-5834
-4116
-3913
-5974
-1437
-6995
1237
-7037
3742
-6083
5718
-4275
6887
-1868
7094
799
6298
3356
4623
5437
2298
6764
-354
7132
-2953
6497
-5142
4954
-6602
2712
-7141
86
-6673
-2550
-5268
-4828
-3122
-6420
-532
-7119
2128
-6813
4491
-5560
6223
-3512
7071
-983
6932
1691
5824
4124
3895
5988
1419
6993
-1257
7019
-3753
6072
-5728
4266
-6895
1855
-7084
-814
-6284
-3374
-4608
-5445
-2283
-6763
367
-7127
2971
-6494
5144
-4942
6609
-2700
7136
-75
6666
2555
5260
4828
3106
6425
524
7118
-2139
6813
-4494
5548
-6227
3499
-7072
968
-6928
-1706
-5812
-4142
-3877
-5994
-1401
-7005
1283
-7023
3772
-6058
5738
-4249
6901
-1837
7090
836
6286
3387
4592
5463
2259
6775
-394
7124
-2997
6486
-5172
4920
-6616
2670
-7137
46
-6653
-2585
-5237
-4852
-3078
-6440
-492
-7119
2170
-6804
4517
-5527
6242
-3477
7078
-938
6928
1739
5795
4161
3864
6008
1377
7005
-1302
7023
-3792
6049
-5753
4227
-6907
1813
-7086
-860
-6278
-3410
-4574
-5482
-2247
-6782
420
-7127
3009
-6476
5186
-4907
6625
-2659
7138
-30
6653
2598
5222
4860
3064
6449
472
7120
-2185
6792
-4529
5515
-6247
3463
-7076
923
-6925
-1758
-5784
-4174
-3847
-6019
-1360
-7007
1314
-7016
3803
-6041
5765
-4216
6907
-1801
7082
879
6270
3416
4568
5488
2229
6784
-430
7126
-3021
6468
-5194
4892
-6625
2641
-7141
13
-6645
-2615
-5213
-4880
-3054
-6456
-455
-7128
2199
-6798
4539
-5503
6252
-3447
7080
-903
6922
1771
5775
4193
3833
6029
1337
7010
-1337
7012
-3827
6029
-5778
4198
-6918
1772
-7085
-902
-6255
-3442
-4548
-5503
-2204
-6793
458
-7125
3045
-6456
5216
-4880
6639
-2621
7141
8
6637
2634
5192
4895
3025
6467
433
7121
-2219
6782
-4563
5490
-6259
3422
-7083
873
-6907
-1790
-5763
-4215
-3810
-6039
-1315
-7023
1356
-7015
3843
-6012
5783
-4178
6920
-1753
7079
917
6244
3462
4534
5517
2184
6794
-472
7126
-3066
6443
-5225
4870
-6644
2605
-7141
-26
-6626
-2648
-5183
-4909
-3006
-6470
-416
-7127
2235
-6780
4576
-5485
6270
-3416
7082
-860
6906
1808
5756
4229
3793
6044
1299
7018
-1371
7006
-3863
6000
-5796
4161
-6927
1733
-7076
-939
-6239
-3483
-4518
-5527
-2165
-6800
493
-7119
3080
-6437
5237
-4862
6651
-2583
7137
42
6615
2669
5171
4919
2991
6480
399
7133
-2255
6775
-4589
5470
-6281
3391
-7093
843
-6900
-1831
-5751
-4248
-3782
-6059
-1284
-7024
1392
-7002
3875
-6004
5805
-4155
6936
-1711
7088
958
6227
3486
4509
5539
2149
6809
-509
7120
-3098
6432
-5248
4836
-6663
2570
-7139
-66
-6612
-2691
-5155
-4931
-2974
-6491
-381
-7131
2273
-6769
4601
-5456
6286
-3377
7090
-827
6898
1849
5740
4254
3762
6064
1266
7025
-1411
6995
-3887
5989
-5822
4127
-6936
1700
-7076
-975
-6218
-3508
-4484
-5551
-2130
-6815
533
-7120
3118
-6422
5267
-4822
6671
-2548
7136
87
6601
2713
5134
4952
2954
6503
360
7131
-2295
6758
-4614
5445
-6305
3358
-7092
804
-6893
-1867
-5717
-4268
-3744
-6079
-1251
-7031
1428
-6993
3903
-5974
5833
-4116
6936
-1683
7072
992
6210
3519
4471
5562
2112
6820
-553
7114
-3135
6416
-5276
4807
-6679
2531
-7138
-107
-6599
-2728
-5128
-4969
-2943
-6509
-337
-7132
2311
-6761
4634
-5428
6312
-3346
7094
-784
6888
1886
5708
4289
3733
6094
1225
7030
-1458
6990
-3922
5964
-5846
4102
-6947
1661
-7068
-1015
-6198
-3542
-4456
-5580
-2091
-6826
573
-7117
3151
-6410
5287
-4800
6680
-2511
7137
125
6590
2746
5115
4982
2928
6516
316
7130
-2327
6749
-4647
5410
-6317
3322
-7099
755
-6877
-1903
-5690
-4307
-3712
-6104
-1206
-7039
1473
-6989
3944
-5959
5861
-4085
6947
-1637
7064
1037
6188
3564
4441
5592
2068
6831
-592
7116
-3167
6398
-5303
4781
-6693
2496
-7140
-150
-6580
-2768
-5099
-4996
-2906
-6521
-295
-7135
2347
-6741
4667
-5396
6329
-3301
7102
-736
6878
1927
5681
4323
3691
6111
1175
7039
-1495
6977
-3967
5932
-5879
4061
-6954
1615
-7061
-1060
-6171
-3583
-4423
-5604
-2042
-6843
618
-7118
3194
-6384
5322
-4766
6695
-2472
7136
173
6570
2789
5087
5010
2881
6531
277
7134
-2368
6734
-4688
5385
-6337
3285
-7107
716
-6874
-1947
-5672
-4343
-3672
-6123
-1158
-7048
1513
-6976
3978
-5928
5886
-4049
6964
-1600
7058
1078
6169
3603
4408
5618
2032
6851
-636
7114
-3209
6381
-5329
4751
-6703
2454
-7139
-188
-6566
-2805
-5073
-5022
-2864
-6540
-259
-7134
2394
-6727
4699
-5375
6347
-3265
7109
-694
6863
1965
5659
4358
3661
6130
1136
7047
-1541
6971
-3998
5917
-5893
4026
-6966
1573
-7052
-1099
-6150
-3621
-4386
-5633
-2006
-6853
655
-7111
3228
-6370
5343
-4732
6711
-2431
7139
211
6563
2825
5065
5037
2847
6546
242
7137
-2406
6725
-4708
5366
-6360
3250
-7108
685
-6859
-1981
-5648
-4363
-3642
-6138
-1124
-7049
1552
-6969
4005
-5907
5900
-4017
6962
-1565
7050
1111
6148
3634
4375
5639
1993
6858
-668
7106
-3239
6359
-5355
4719
-6718
2415
-7135
-228
-6551
-2846
-5044
-5052
-2826
-6556
-216
-7134
2434
-6714
4725
-5347
6374
-3226
7109
-658
6847
2005
5629
4386
3618
6153
1105
7053
-1577
6968
-4027
5899
-5915
3999
-6970
1543
-7046
-1135
-6137
-3651
-4358
-5654
-1974
-6862
696
-7105
3257
-6355
5368
-4703
6729
-2400
7140
248
6545
2856
5032
5065
2819
6565
204
7136
-2446
6707
-4741
0
1588
1168
1152
1360
1616
1556
1040
1360
1256
1066
2026
1508
1312
1192
1462
1549
1160
1324
1152
1926
1384
1853
1154
1684
1493
1750
1280
1280
1370
1538
1065
1362
1394
1241
1035
1521
1254
1159
1125
1862
1868
1766
1190
1988
1262
1152
1640
1674
1796
1594
1062
1445
1661
1067
1566
1526
2031
1401
1746
1222
1667
1205
1970
1822
1944
1931
1205
2009
1086
2037
1192
1258
1980
1738
1058
1152
1203
1891
1098
1154
1556
1350
1597
1940
1620
1580
1980
1802
1563
1238
1352
1346
1558
1599
1594
1549
1533
1274
1428
1109
1794
1770
1562
1686
1417
2010
1352
1110
1462
1250
1342
1906
1387
1764
1515
1180
1254
1867
1279
1135
1901
1151
1429
1750
1359
1683
1565
1062
1355
1884
1473
1045
1156
1650
1583
1428
1357
1773
1525
1099
1162
1164
1212
1126
1064
1418
1494
1210
1723
1025
1706
1913
1303
1350
1795
1162
1640
1530
1184
1170
1896
1459
1828
1402
1641
1149
1327
2037
1537
1745
1998
1315
1188
1030
1989
1935
1354
1192
1398
1832
1912
1295
1774
1113
1416
1158
1563
1791
1425
1780
1599
1926
1825
1061
1049
1668
1069
1146
1862
1834
1812
1356
1764
1402
1258
1806
1296
1940
1280
1910
1954
1561
1260
1341
1160
1113
1315
1239
1145
1788
1447
1167
1534
1921
1620
1662
1134
1090
1034
1220
1973
1484
1481
1769
1588
1553
1102
1202
1305
1225
1025
1378
1241
1186
1508
1603
1113
1204
1458
1350
1729
1425
1422
1179
1805
1751
1954
1137
1451
1962
1800
1466
1508
1025
1768
1341
1267
1385
1803
1462
1810
1985
1172
1168
