1651 2 2000 1 512 0
1057
7056
3572
6162
5595
4415
6828
2044
7104
-611
6384
-3188
4762
-5310
2477
-6681
-160
-7129
-2770
-6568
-4992
-5087
-6511
-2887
-7116
-291
-6731
2346
-5388
4664
-3297
6317
-741
7092
1924
6860
4310
5675
6103
3692
7030
1183
6976
-1485
5940
-3946
4067
-5853
1628
-6944
-1041
-7056
-3565
-6173
-5586
-4430
-6828
-2059
-7106
590
-6387
3169
-4769
5297
-2493
6681
146
7130
2755
6573
4979
5098
6505
2906
7118
311
6737
-2328
5404
-4646
3318
-6308
760
-7083
-1897
-6868
-4293
-5690
-6086
-3708
-7019
-1211
-6978
1462
-5947
3932
-4088
5843
-1646
6934
1026
7062
3544
6187
5576
4449
6818
2076
7109
-564
6398
-3134
4784
-5285
2511
-6675
-126
-7125
-2734
-6581
-4971
-5112
-6501
-2923
-7120
-328
-6740
2321
-5418
4636
-3330
6306
-780
7090
1884
6878
4281
5700
6080
3724
7026
1225
6982
-1448
5955
-3915
4103
-5835
1666
-6937
-1003
-7059
-3531
-6196
-5561
-4458
-6807
-2099
-7106
558
-6405
3129
-4800
5266
-2531
6665
104
7123
2717
6590
4952
5124
6487
2947
7118
351
6747
-2295
5430
-4614
3352
-6291
801
-7079
-1863
-6884
-4267
-5716
-6072
-3742
-7017
-1244
-6984
1424
-5969
3893
-4123
5815
-1683
6924
977
7062
3514
6209
5547
4473
6806
2123
7108
-531
6411
-3110
4817
-5250
2549
-6657
-78
-7125
-2699
-6598
-4940
-5136
-6482
-2964
-7121
-372
-6754
2276
-5443
4600
-3365
6289
-819
7081
1853
6891
4253
5722
6060
3757
7018
1259
6988
-1412
5978
-3882
4130
-5814
1702
-6921
-967
-7068
-3503
-6211
-5537
-4489
-6795
-2136
-7106
520
-6418
3095
-4829
5245
-2563
6650
61
7127
2682
6603
4928
5152
6477
2975
7122
383
6762
-2262
5460
-4593
3379
-6275
842
-7080
-1827
-6895
-4238
-5737
-6048
-3773
-7016
-1282
-6998
1387
-5991
3865
-4143
5799
-1724
6916
941
7066
3485
6221
5522
4508
6799
2157
7114
-495
6434
-3076
4842
-5226
2582
-6643
-40
-7125
-2662
-6612
-4906
-5169
-6469
-2998
-7121
-404
-6767
2242
-5470
4579
-3396
6263
-858
7078
1816
6895
4223
5744
6038
3786
7005
1294
6996
-1370
5998
-3851
4155
-5790
1735
-6909
-927
-7065
-3462
-6225
-5514
-4516
-6790
-2169
-7107
481
-6439
3064
-4857
5218
-2601
6636
30
7128
2650
6616
4900
5180
6464
3007
7116
417
6772
-2231
5477
-4567
3410
-6260
868
-7079
-1801
-6904
-4212
-5755
-6036
-3801
-7009
-1309
-7000
1357
-6007
3841
-4175
5781
-1755
6912
915
7071
3449
6234
5502
4533
6786
2191
7114
-460
6450
-3047
4872
-5211
2619
-6633
-9
-7130
-2629
-6625
-4886
-5196
-6452
-3029
-7113
-443
-6781
2213
-5489
4549
-3432
6249
-890
7077
1778
6899
4188
5769
6021
3817
7000
1334
7008
-1336
6013
-3818
4194
-5765
1780
-6906
-889
-7073
-3428
-6249
-5490
-4546
-6784
-2207
-7114
440
-6453
3030
-4884
5193
-2633
6625
-6
7129
2614
6632
4873
5204
6445
3041
7117
462
6788
-2195
5502
-4534
3446
-6242
904
-7072
-1762
-6911
-4180
-5778
-6009
-3828
-6993
-1353
-7005
1314
-6023
3805
-4210
5754
-1791
6900
867
7074
3417
6256
5476
4565
6768
2226
7114
-418
6457
-3009
4902
-5177
2653
-6622
32
-7127
-2596
-6638
-4858
-5213
-6441
-3064
-7119
-488
-6787
2175
-5514
4517
-3460
6232
-931
7070
1738
6917
4159
5793
5998
3853
6990
1373
7008
-1290
6042
-3764
4227
-5743
1815
-6889
-850
-7078
-3391
-6267
-5463
-4580
-6765
-2253
-7114
401
-6468
2993
-4916
5164
-2667
6609
-50
7125
2581
6651
4846
5228
6429
3078
7117
494
6797
-2156
5528
-4507
3473
-6223
943
-7063
-1720
-6918
-4148
-5799
-5992
-3861
-6992
-1387
-7009
1283
-6040
3767
-4234
5736
-1829
6887
831
7083
3387
6275
5454
4591
6762
2266
7117
-385
6470
-2977
4927
-5157
2685
-6606
65
-7126
-2562
-6648
-4835
-5243
-6417
-3099
-7111
-513
-6799
2133
-5541
4490
-3506
6220
-967
7066
1704
6918
4124
5804
5974
3886
6987
1411
7013
-1257
6056
-3754
4257
-5724
1851
-6880
-808
-7090
-3364
-6282
-5435
-4610
-6759
-2284
-7121
364
-6487
2958
-4941
5137
-2706
6599
-90
7127
2545
6656
4814
5254
6413
3118
7111
533
6811
-2118
5553
-4480
3512
-6204
987
-7059
-1688
-6933
-4112
-5822
-5966
-3897
-6977
-1426
-7014
1238
-6065
3742
-4266
5713
-1865
6879
798
7087
3348
6287
5431
4625
6753
2292
7116
-348
6495
-2946
4953
-5130
2717
-6592
103
-7128
-2521
-6660
-4803
-5265
-6403
-3127
-7107
-549
-6813
2096
-5555
4464
-3519
6192
-999
7056
1670
6926
4102
5833
5964
3913
6976
1441
7020
-1221
6077
-3720
4285
-5702
1885
-6879
-782
-7089
-3330
-6300
-5421
-4636
-6745
-2312
-7120
327
-6500
2932
-4963
5110
-2736
6581
-121
7127
2510
6672
4791
5278
6392
3141
7099
574
6822
-2086
5570
-4446
3543
-6188
1022
-7055
-1645
-6936
-4081
-5841
-5953
-3930
-6975
-1470
-7025
1203
-6089
3704
-4300
5687
-1906
6872
758
7090
3311
6315
5402
4651
6733
2334
7123
-308
6512
-2913
4977
-5100
2753
-6575
139
-7126
-2492
-6682
-4774
-5292
-6387
-3166
-7098
-590
-6823
2067
-5583
4429
-3560
6171
-1037
7054
1631
6938
4069
5854
5942
3942
6972
1484
7030
-1189
6093
-3691
4311
-5678
1919
-6869
-742
-7087
-3302
-6321
-5396
-4664
-6731
-2349
-7124
292
-6517
2898
-4993
5090
-2772
6571
-156
7124
2472
6687
4759
5296
6377
3179
7103
610
6828
-2046
5594
-4417
3578
-6168
1060
-7052
-1610
-6944
-4050
-5865
-5925
-3959
-6967
-1507
-7032
1167
-6107
3673
-4328
5668
-1938
6863
720
7092
3282
6328
5383
4676
6723
2366
7124
-274
6521
-2878
5004
-5076
2787
-6561
180
-7124
-2457
-6688
-4744
-5315
-6368
-3196
-7102
-629
-6827
2024
-5609
4400
-3592
6155
-1077
7047
1590
6945
4045
5880
5921
3976
6966
1519
7034
-1152
6118
-3659
4342
-5654
1952
-6859
-702
-7101
-3271
-6334
-5368
-4687
-6714
-2383
-7120
255
-6529
2860
-5022
5062
-2803
6558
-199
7125
2443
6699
4737
5327
6365
3214
7100
644
6836
-2011
5612
-4386
3606
-6146
1095
-7044
-1574
-6953
-4021
-5885
-5912
-3995
-6963
-1540
-7040
1137
-6130
3642
-4356
5646
-1977
6846
689
7095
3254
6344
5357
4703
6715
2398
7126
-243
6535
-2840
5025
-5050
2822
-6548
212
-7124
-2423
-6702
-4719
-5336
-6358
0
1588
1168
1152
1360
1616
1556
1040
1360
1256
1066
2026
1508
1312
1192
1462
1549
1160
1324
1152
1926
1384
1853
1154
1684
1493
1750
1280
1280
1370
1538
1065
1362
1394
1241
1035
1521
1254
1159
1125
1862
1868
1766
1190
1988
1262
1152
1640
1674
1796
1594
1062
1445
1661
1067
1566
1526
2031
1401
1746
1222
1667
1205
1970
1822
1944
1931
1205
2009
1086
2037
1192
1258
1980
1738
1058
1152
1203
1891
1098
1154
1556
1350
1597
1940
1620
1580
1980
1802
1563
1238
1352
1346
1558
1599
1594
1549
1533
1274
1428
1109
1794
1770
1562
1686
1417
2010
1352
1110
1462
1250
1342
1906
1387
1764
1515
1180
1254
1867
1279
1135
1901
1151
1429
1750
1359
1683
1565
1062
1355
1884
1473
1045
1156
1650
1583
1428
1357
1773
1525
1099
1162
1164
1212
1126
1064
1418
1494
1210
1723
1025
1706
1913
1303
1350
1795
1162
1640
1530
1184
1170
1896
1459
1828
1402
1641
1149
1327
2037
1537
1745
1998
1315
1188
1030
1989
1935
1354
1192
1398
1832
1912
1295
1774
1113
1416
1158
1563
1791
1425
1780
1599
1926
1825
1061
1049
1668
1069
1146
1862
1834
1812
1356
1764
1402
1258
1806
1296
1940
1280
1910
1954
1561
1260
1341
1160
1113
1315
1239
1145
1788
1447
1167
1534
1921
1620
1662
1134
1090
1034
1220
1973
1484
1481
1769
1588
1553
1102
1202
1305
1225
1025
1378
1241
1186
1508
1603
1113
1204
1458
1350
1729
1425
1422
1179
1805
1751
1954
1137
1451
1962
1800
1466
1508
1025
1768
1341
1267
1385
1803
1462
1810
1985
1172
1168
1057
7056
3572
6162
5595
4415
6828
2044
7104
-611
6384
-3188
4762
-5310
2477
-6681
-160
-7129
-2770
-6568
-4992
-5087
-6511
-2887
-7116
-291
-6731
2346
-5388
4664
-3297
6317
-741
7092
1924
6860
4310
5675
6103
3692
7030
1183
6976
-1485
5940
-3946
4067
-5853
1628
-6944
-1041
-7056
-3565
-6173
-5586
-4430
-6828
-2059
-7106
590
-6387
3169
-4769
5297
-2493
6681
146
7130
2755
6573
4979
5098
6505
2906
7118
311
6737
-2328
5404
-4646
3318
-6308
760
-7083
-1897
-6868
-4293
-5690
-6086
-3708
-7019
-1211
-6978
1462
-5947
3932
-4088
5843
-1646
6934
1026
7062
3544
6187
5576
4449
6818
2076
7109
-564
6398
-3134
4784
-5285
2511
-6675
-126
-7125
-2734
-6581
-4971
-5112
-6501
-2923
-7120
-328
-6740
2321
-5418
4636
-3330
6306
-780
7090
1884
6878
4281
5700
6080
3724
7026
1225
6982
-1448
5955
-3915
4103
-5835
1666
-6937
-1003
-7059
-3531
-6196
-5561
-4458
-6807
-2099
-7106
558
-6405
3129
-4800
5266
-2531
6665
104
7123
2717
6590
4952
5124
6487
2947
7118
351
6747
-2295
5430
-4614
3352
-6291
801
-7079
-1863
-6884
-4267
-5716
-6072
-3742
-7017
-1244
-6984
1424
-5969
3893
-4123
5815
-1683
6924
977
7062
3514
6209
5547
4473
6806
2123
7108
-531
6411
-3110
4817
-5250
2549
-6657
-78
-7125
-2699
-6598
-4940
-5136
-6482
-2964
-7121
-372
-6754
2276
-5443
4600
-3365
6289
-819
7081
1853
6891
4253
5722
6060
3757
7018
1259
6988
-1412
5978
-3882
4130
-5814
1702
-6921
-967
-7068
-3503
-6211
-5537
-4489
-6795
-2136
-7106
520
-6418
3095
-4829
5245
-2563
6650
61
7127
2682
6603
4928
5152
6477
2975
7122
383
6762
-2262
5460
-4593
3379
-6275
842
-7080
-1827
-6895
-4238
-5737
-6048
-3773
-7016
-1282
-6998
1387
-5991
3865
-4143
5799
-1724
6916
941
7066
3485
6221
5522
4508
6799
2157
7114
-495
6434
-3076
4842
-5226
2582
-6643
-40
-7125
-2662
-6612
-4906
-5169
-6469
-2998
-7121
-404
-6767
2242
-5470
4579
-3396
6263
-858
7078
1816
6895
4223
5744
6038
3786
7005
1294
6996
-1370
5998
-3851
4155
-5790
1735
-6909
-927
-7065
-3462
-6225
-5514
-4516
-6790
-2169
-7107
481
-6439
3064
-4857
5218
-2601
6636
30
7128
2650
6616
4900
5180
6464
3007
7116
417
6772
-2231
5477
-4567
3410
-6260
868
-7079
-1801
-6904
-4212
-5755
-6036
-3801
-7009
-1309
-7000
1357
-6007
3841
-4175
5781
-1755
6912
915
7071
3449
6234
5502
4533
6786
2191
7114
-460
6450
-3047
4872
-5211
2619
-6633
-9
-7130
-2629
-6625
-4886
-5196
-6452
-3029
-7113
-443
-6781
2213
-5489
4549
-3432
6249
-890
7077
1778
6899
4188
5769
6021
3817
7000
1334
7008
-1336
6013
-3818
4194
-5765
1780
-6906
-889
-7073
-3428
-6249
-5490
-4546
-6784
-2207
-7114
440
-6453
3030
-4884
5193
-2633
6625
-6
7129
2614
6632
4873
5204
6445
3041
7117
462
6788
-2195
5502
-4534
3446
-6242
904
-7072
-1762
-6911
-4180
-5778
-6009
-3828
-6993
-1353
-7005
1314
-6023
3805
-4210
5754
-1791
6900
867
7074
3417
6256
5476
4565
6768
2226
7114
-418
6457
-3009
4902
-5177
2653
-6622
32
-7127
-2596
-6638
-4858
-5213
-6441
-3064
-7119
-488
-6787
2175
-5514
4517
-3460
6232
-931
7070
1738
6917
4159
5793
5998
3853
6990
1373
7008
-1290
6042
-3764
4227
-5743
1815
-6889
-850
-7078
-3391
-6267
-5463
-4580
-6765
-2253
-7114
401
-6468
2993
-4916
5164
-2667
6609
-50
7125
2581
6651
4846
5228
6429
3078
7117
494
6797
-2156
5528
-4507
3473
-6223
943
-7063
-1720
-6918
-4148
-5799
-5992
-3861
-6992
-1387
-7009
1283
-6040
3767
-4234
5736
-1829
6887
831
7083
3387
6275
5454
4591
6762
2266
7117
-385
6470
-2977
4927
-5157
2685
-6606
65
-7126
-2562
-6648
-4835
-5243
-6417
-3099
-7111
-513
-6799
2133
-5541
4490
-3506
6220
-967
7066
1704
6918
4124
5804
5974
3886
6987
1411
7013
-1257
6056
-3754
4257
-5724
1851
-6880
-808
-7090
-3364
-6282
-5435
-4610
-6759
-2284
-7121
364
-6487
2958
-4941
5137
-2706
6599
-90
7127
2545
6656
4814
5254
6413
3118
7111
533
6811
-2118
5553
-4480
3512
-6204
987
-7059
-1688
-6933
-4112
-5822
-5966
-3897
-6977
-1426
-7014
1238
-6065
3742
-4266
5713
-1865
6879
798
7087
3348
6287
5431
4625
6753
2292
7116
-348
6495
-2946
4953
-5130
2717
-6592
103
-7128
-2521
-6660
-4803
-5265
-6403
-3127
-7107
-549
-6813
2096
-5555
4464
-3519
6192
-999
7056
1670
6926
4102
5833
5964
3913
6976
1441
7020
-1221
6077
-3720
4285
-5702
1885
-6879
-782
-7089
-3330
-6300
-5421
-4636
-6745
-2312
-7120
327
-6500
2932
-4963
5110
-2736
6581
-121
7127
2510
6672
4791
5278
6392
3141
7099
574
6822
-2086
5570
-4446
3543
-6188
1022
-7055
-1645
-6936
-4081
-5841
-5953
-3930
-6975
-1470
-7025
1203
-6089
3704
-4300
5687
-1906
6872
758
7090
3311
6315
5402
4651
6733
2334
7123
-308
6512
-2913
4977
-5100
2753
-6575
139
-7126
-2492
-6682
-4774
-5292
-6387
-3166
-7098
-590
-6823
2067
-5583
4429
-3560
6171
-1037
7054
1631
6938
4069
5854
5942
3942
6972
1484
7030
-1189
6093
-3691
4311
-5678
1919
-6869
-742
-7087
-3302
-6321
-5396
-4664
-6731
-2349
-7124
292
-6517
2898
-4993
5090
-2772
6571
-156
7124
2472
6687
4759
5296
6377
3179
7103
610
6828
-2046
5594
-4417
3578
-6168
1060
-7052
-1610
-6944
-4050
-5865
-5925
-3959
-6967
-1507
-7032
1167
-6107
3673
-4328
5668
-1938
6863
720
7092
3282
6328
5383
4676
6723
2366
7124
-274
6521
-2878
5004
-5076
2787
-6561
180
-7124
-2457
-6688
-4744
-5315
-6368
-3196
-7102
-629
-6827
2024
-5609
4400
-3592
6155
-1077
7047
1590
6945
4045
5880
5921
3976
6966
1519
7034
-1152
6118
-3659
4342
-5654
1952
-6859
-702
-7101
-3271
-6334
-5368
-4687
-6714
-2383
-7120
255
-6529
2860
-5022
5062
-2803
6558
-199
7125
2443
6699
4737
5327
6365
3214
7100
644
6836
-2011
5612
-4386
3606
-6146
1095
-7044
-1574
-6953
-4021
-5885
-5912
-3995
-6963
-1540
-7040
1137
-6130
3642
-4356
5646
-1977
6846
689
7095
3254
6344
5357
4703
6715
2398
7126
-243
6535
-2840
5025
-5050
2822
-6548
212
-7124
-2423
-6702
-4719
-5336
-6358
0
1588
1168
1152
1360
1616
1556
1040
1360
1256
1066
2026
1508
1312
1192
1462
1549
1160
1324
1152
1926
1384
1853
1154
1684
1493
1750
1280
1280
1370
1538
1065
1362
1394
1241
1035
1521
1254
1159
1125
1862
1868
1766
1190
1988
1262
1152
1640
1674
1796
1594
1062
1445
1661
1067
1566
1526
2031
1401
1746
1222
1667
1205
1970
1822
1944
1931
1205
2009
1086
2037
1192
1258
1980
1738
1058
1152
1203
1891
1098
1154
1556
1350
1597
1940
1620
1580
1980
1802
1563
1238
1352
1346
1558
1599
1594
1549
1533
1274
1428
1109
1794
1770
1562
1686
1417
2010
1352
1110
1462
1250
1342
1906
1387
1764
1515
1180
1254
1867
1279
1135
1901
1151
1429
1750
1359
1683
1565
1062
1355
1884
1473
1045
1156
1650
1583
1428
1357
1773
1525
1099
1162
1164
1212
1126
1064
1418
1494
1210
1723
1025
1706
1913
1303
1350
1795
1162
1640
1530
1184
1170
1896
1459
1828
1402
1641
1149
1327
2037
1537
1745
1998
1315
1188
1030
1989
1935
1354
1192
1398
1832
1912
1295
1774
1113
1416
1158
1563
1791
1425
1780
1599
1926
1825
1061
1049
1668
1069
1146
1862
1834
1812
1356
1764
1402
1258
1806
1296
1940
1280
1910
1954
1561
1260
1341
1160
1113
1315
1239
1145
1788
1447
1167
1534
1921
1620
1662
1134
1090
1034
1220
1973
1484
1481
1769
1588
1553
1102
1202
1305
1225
1025
1378
1241
1186
1508
1603
1113
1204
1458
1350
1729
1425
1422
1179
1805
1751
1954
1137
1451
1962
1800
1466
1508
1025
1768
1341
1267
1385
1803
1462
1810
1985
1172
1168
1057
7056
3572
6162
5595
4415
6828
2044
7104
-611
6384
-3188
4762
-5310
2477
-6681
-160
-7129
-2770
-6568
-4992
-5087
-6511
-2887
-7116
-291
-6731
2346
-5388
4664
-3297
6317
-741
7092
1924
6860
4310
5675
6103
3692
7030
1183
6976
-1485
5940
-3946
4067
-5853
1628
-6944
-1041
-7056
-3565
-6173
-5586
-4430
-6828
-2059
-7106
590
-6387
3169
-4769
5297
-2493
6681
146
7130
2755
6573
4979
5098
6505
2906
7118
311
6737
-2328
5404
-4646
3318
-6308
760
-7083
-1897
-6868
-4293
-5690
-6086
-3708
-7019
-1211
-6978
1462
-5947
3932
-4088
5843
-1646
6934
1026
7062
3544
6187
5576
4449
6818
2076
7109
-564
6398
-3134
4784
-5285
2511
-6675
-126
-7125
-2734
-6581
-4971
-5112
-6501
-2923
-7120
-328
-6740
2321
-5418
4636
-3330
6306
-780
7090
1884
6878
4281
5700
6080
3724
7026
1225
6982
-1448
5955
-3915
4103
-5835
1666
-6937
-1003
-7059
-3531
-6196
-5561
-4458
-6807
-2099
-7106
558
-6405
3129
-4800
5266
-2531
6665
104
7123
2717
6590
4952
5124
6487
2947
7118
351
6747
-2295
5430
-4614
3352
-6291
801
-7079
-1863
-6884
-4267
-5716
-6072
-3742
-7017
-1244
-6984
1424
-5969
3893
-4123
5815
-1683
6924
977
7062
3514
6209
5547
4473
6806
2123
7108
-531
6411
-3110
4817
-5250
2549
-6657
-78
-7125
-2699
-6598
-4940
-5136
-6482
-2964
-7121
-372
-6754
2276
-5443
4600
-3365
6289
-819
7081
1853
6891
4253
5722
6060
3757
7018
1259
6988
-1412
5978
-3882
4130
-5814
1702
-6921
-967
-7068
-3503
-6211
-5537
-4489
-6795
-2136
-7106
520
-6418
3095
-4829
5245
-2563
6650
61
7127
2682
6603
4928
5152
6477
2975
7122
383
6762
-2262
5460
-4593
3379
-6275
842
-7080
-1827
-6895
-4238
-5737
-6048
-3773
-7016
-1282
-6998
1387
-5991
3865
-4143
5799
-1724
6916
941
7066
3485
6221
5522
4508
6799
2157
7114
-495
6434
-3076
4842
-5226
2582
-6643
-40
-7125
-2662
-6612
-4906
-5169
-6469
-2998
-7121
-404
-6767
2242
-5470
4579
-3396
6263
-858
7078
1816
6895
4223
5744
6038
3786
7005
1294
6996
-1370
5998
-3851
4155
-5790
1735
-6909
-927
-7065
-3462
-6225
-5514
-4516
-6790
-2169
-7107
481
-6439
3064
-4857
5218
-2601
6636
30
7128
2650
6616
4900
5180
6464
3007
7116
417
6772
-2231
5477
-4567
3410
-6260
868
-7079
-1801
-6904
-4212
-5755
-6036
-3801
-7009
-1309
-7000
1357
-6007
3841
-4175
5781
-1755
6912
915
7071
3449
6234
5502
4533
6786
2191
7114
-460
6450
-3047
4872
-5211
2619
-6633
-9
-7130
-2629
-6625
-4886
-5196
-6452
-3029
-7113
-443
-6781
2213
-5489
4549
-3432
6249
-890
7077
1778
6899
4188
5769
6021
3817
7000
1334
7008
-1336
6013
-3818
4194
-5765
1780
-6906
-889
-7073
-3428
-6249
-5490
-4546
-6784
-2207
-7114
440
-6453
3030
-4884
5193
-2633
6625
-6
7129
2614
6632
4873
5204
6445
3041
7117
462
6788
-2195
5502
-4534
3446
-6242
904
-7072
-1762
-6911
-4180
-5778
-6009
-3828
-6993
-1353
-7005
1314
-6023
3805
-4210
5754
-1791
6900
867
7074
3417
6256
5476
4565
6768
2226
7114
-418
6457
-3009
4902
-5177
2653
-6622
32
-7127
-2596
-6638
-4858
-5213
-6441
-3064
-7119
-488
-6787
2175
-5514
4517
-3460
6232
-931
7070
1738
6917
4159
5793
5998
3853
6990
1373
7008
-1290
6042
-3764
4227
-5743
1815
-6889
-850
-7078
-3391
-6267
-5463
-4580
-6765
-2253
-7114
401
-6468
2993
-4916
5164
-2667
6609
-50
7125
2581
6651
4846
5228
6429
3078
7117
494
6797
-2156
5528
-4507
3473
-6223
943
-7063
-1720
-6918
-4148
-5799
-5992
-3861
-6992
-1387
-7009
1283
-6040
3767
-4234
5736
-1829
6887
831
7083
3387
6275
5454
4591
6762
2266
7117
-385
6470
-2977
4927
-5157
2685
-6606
65
-7126
-2562
-6648
-4835
-5243
-6417
-3099
-7111
-513
-6799
2133
-5541
4490
-3506
6220
-967
7066
1704
6918
4124
5804
5974
3886
6987
1411
7013
-1257
6056
-3754
4257
-5724
1851
-6880
-808
-7090
-3364
-6282
-5435
-4610
-6759
-2284
-7121
364
-6487
2958
-4941
5137
-2706
6599
-90
7127
2545
6656
4814
5254
6413
3118
7111
533
6811
-2118
5553
-4480
3512
-6204
987
-7059
-1688
-6933
-4112
-5822
-5966
-3897
-6977
-1426
-7014
1238
-6065
3742
-4266
5713
-1865
6879
798
7087
3348
6287
5431
4625
6753
2292
7116
-348
6495
-2946
4953
-5130
2717
-6592
103
-7128
-2521
-6660
-4803
-5265
-6403
-3127
-7107
-549
-6813
2096
-5555
4464
-3519
6192
-999
7056
1670
6926
4102
5833
5964
3913
6976
1441
7020
-1221
6077
-3720
4285
-5702
1885
-6879
-782
-7089
-3330
-6300
-5421
-4636
-6745
-2312
-7120
327
-6500
2932
-4963
5110
-2736
6581
-121
7127
2510
6672
4791
5278
6392
3141
7099
574
6822
-2086
5570
-4446
3543
-6188
1022
-7055
-1645
-6936
-4081
-5841
-5953
-3930
-6975
-1470
-7025
1203
-6089
3704
-4300
5687
-1906
6872
758
7090
3311
6315
5402
4651
6733
2334
7123
-308
6512
-2913
4977
-5100
2753
-6575
139
-7126
-2492
-6682
-4774
-5292
-6387
-3166
-7098
-590
-6823
2067
-5583
4429
-3560
6171
-1037
7054
1631
6938
4069
5854
5942
3942
6972
1484
7030
-1189
6093
-3691
4311
-5678
1919
-6869
-742
-7087
-3302
-6321
-5396
-4664
-6731
-2349
-7124
292
-6517
2898
-4993
5090
-2772
6571
-156
7124
2472
6687
4759
5296
6377
3179
7103
610
6828
-2046
5594
-4417
3578
-6168
1060
-7052
-1610
-6944
-4050
-5865
-5925
-3959
-6967
-1507
-7032
1167
-6107
3673
-4328
5668
-1938
6863
720
7092
3282
6328
5383
4676
6723
2366
7124
-274
6521
-2878
5004
-5076
2787
-6561
180
-7124
-2457
-6688
-4744
-5315
-6368
-3196
-7102
-629
-6827
2024
-5609
4400
-3592
6155
-1077
7047
1590
6945
4045
5880
5921
3976
6966
1519
7034
-1152
6118
-3659
4342
-5654
1952
-6859
-702
-7101
-3271
-6334
-5368
-4687
-6714
-2383
-7120
255
-6529
2860
-5022
5062
-2803
6558
-199
7125
2443
6699
4737
5327
6365
3214
7100
644
6836
-2011
5612
-4386
3606
-6146
1095
-7044
-1574
-6953
-4021
-5885
-5912
-3995
-6963
-1540
-7040
1137
-6130
3642
-4356
5646
-1977
6846
689
7095
3254
6344
5357
4703
6715
2398
7126
-243
6535
-2840
5025
-5050
2822
-6548
212
-7124
-2423
-6702
-4719
-5336
-6358
0
1588
1168
1152
1360
1616
1556
1040
1360
1256
1066
2026
1508
1312
1192
1462
1549
1160
1324
1152
1926
1384
1853
1154
1684
1493
1750
1280
1280
1370
1538
1065
1362
1394
1241
1035
1521
1254
1159
1125
1862
1868
1766
1190
1988
1262
1152
1640
1674
1796
1594
1062
1445
1661
1067
1566
1526
2031
1401
1746
1222
1667
1205
1970
1822
1944
1931
1205
2009
1086
2037
1192
1258
1980
1738
1058
1152
1203
1891
1098
1154
1556
1350
1597
1940
1620
1580
1980
1802
1563
1238
1352
1346
1558
1599
1594
1549
1533
1274
1428
1109
1794
1770
1562
1686
1417
2010
1352
1110
1462
1250
1342
1906
1387
1764
1515
1180
1254
1867
1279
1135
1901
1151
1429
1750
1359
1683
1565
1062
1355
1884
1473
1045
1156
1650
1583
1428
1357
1773
1525
1099
1162
1164
1212
1126
1064
1418
1494
1210
1723
1025
1706
1913
1303
1350
1795
1162
1640
1530
1184
1170
1896
1459
1828
1402
1641
1149
1327
2037
1537
1745
1998
1315
1188
1030
1989
1935
1354
1192
1398
1832
1912
1295
1774
1113
1416
1158
1563
1791
1425
1780
1599
1926
1825
1061
1049
1668
1069
1146
1862
1834
1812
1356
1764
1402
1258
1806
1296
1940
1280
1910
1954
1561
1260
1341
1160
1113
1315
1239
1145
1788
1447
1167
1534
1921
1620
1662
1134
1090
1034
1220
1973
1484
1481
1769
1588
1553
1102
1202
1305
1225
1025
1378
1241
1186
1508
1603
1113
1204
1458
1350
1729
1425
1422
1179
1805
1751
1954
1137
1451
1962
1800
1466
1508
1025
1768
1341
1267
1385
1803
1462
1810
1985
1172
1168
-980
-7062
-3514
-6206
-5550
-4482
-6807
-2127
-7112
537
-6412
3109
-4829
5254
-2546
6656
74
7130
2696
6602
4930
5143
6500
2962
7124
370
6751
-2270
5452
-4603
3372
-6281
826
-7075
-1839
-6887
-4248
-5728
-6054
-3763
-7016
-1263
-6986
1402
-5987
3873
-4139
5809
-1712
6922
960
7071
3488
6214
5533
4499
6799
2145
7110
-512
6426
-3093
4832
-5244
2567
-6644
-60
-7129
-2685
-6609
-4917
-5162
-6479
-2987
-7118
-394
-6763
2250
-5458
4584
-3389
6268
-841
7079
1821
6890
4226
5735
6046
3779
7017
1288
6991
-1385
5992
-3866
4148
-5797
1727
-6918
-945
-7068
-3478
-6225
-5523
-4511
-6793
-2157
-7112
489
-6432
3067
-4841
5225
-2585
6644
40
7129
2660
6607
4906
5171
6471
2998
7118
408
6769
-2242
5467
-4573
3402
-6264
855
-7078
-1813
-6897
-4219
-5747
-6042
-3788
-7008
-1301
-6995
1370
-6002
3857
-4160
5789
-1742
6914
930
7069
3463
6231
5515
4520
6787
2169
7108
-481
6434
-3063
4856
-5215
2596
-6634
-31
-7127
-2647
-6621
-4895
-5179
-6463
-3014
-7114
-432
-6777
2224
-5477
4565
-3420
6261
-871
7077
1793
6901
4210
5761
6034
3803
7008
1314
6999
-1355
6012
-3838
4160
-5773
1753
-6914
-911
-7071
-3449
-6240
-5503
-4531
-6780
-2187
-7113
458
-6442
3044
-4872
5200
-2614
6629
5
7126
2631
6628
4884
5190
6450
3026
7114
445
6778
-2209
5490
-4544
3436
-6246
890
-7076
-1774
-6905
-4194
-5773
-6020
-3819
-7006
-1337
-7002
1336
-6019
3818
-4195
5763
-1774
6903
890
7072
3427
6250
5485
4546
6768
2208
7113
-437
6452
-3023
4887
-5186
2636
-6621
16
-7128
-2610
-6636
-4869
-5207
-6444
-3053
-7116
-466
-6784
2186
-5508
4523
-3451
6240
-920
7070
1745
6910
4173
5782
6004
3843
7006
1366
7005
-1313
6036
-3797
4216
-5750
1798
-6894
-860
-7076
-3406
-6260
-5470
-4565
-6770
-2232
-7122
417
-6462
3001
-4903
5172
-2653
6619
-37
7127
2591
6641
4852
5220
6433
3070
7112
482
6790
-2171
5521
-4514
3469
-6231
931
-7069
-1735
-6914
-4161
-5789
-5999
-3850
-6993
-1371
-7003
1303
-6038
3783
-4220
5747
-1812
6889
849
7076
3399
6270
5463
4580
6767
2244
7120
-403
6471
-2986
4915
-5165
2671
-6604
53
-7130
-2579
-6647
-4848
-5229
-6426
-3084
-7110
-498
-6794
2149
-5529
4507
-3484
6223
-951
7062
1719
6922
4146
5801
5988
3872
6989
1392
7008
-1278
6051
-3761
4237
-5731
1833
-6890
-832
-7084
-3381
-6279
-5446
-4594
-6761
-2265
-7121
382
-6481
2968
-4925
5151
-2691
6604
-70
7131
2560
6657
4830
5248
6420
3103
7112
518
6801
-2128
5541
-4489
3496
-6208
972
-7066
-1699
-6922
-4125
-5815
-5973
-3883
-6987
-1412
-7015
1253
-6059
3750
-4250
5722
-1856
6879
810
7083
3357
6283
5436
4610
6750
2281
7119
-362
6485
-2960
4941
-5140
2705
-6592
88
-7132
-2540
-6656
-4814
-5257
-6414
-3115
-7103
-535
-6807
2117
-5552
4478
-3514
6204
-986
7066
1686
6926
4113
5823
5967
3894
6980
1427
7023
-1240
6072
-3739
4267
-5708
1868
-6880
-794
-7086
-3342
-6293
-5426
-4623
-6748
-2296
-7123
341
-6498
2943
-4955
5120
-2724
6593
-105
7128
2523
6667
4800
5266
6406
3131
7108
558
6810
-2097
5558
-4462
3528
-6191
1006
-7060
-1664
-6930
-4098
-5835
-5955
-3913
-6976
-1452
-7016
1226
-6076
3729
-4291
5688
-1888
6874
770
7085
3320
6306
5411
4641
6739
2323
7122
-320
6504
-2924
4966
-5101
2747
-6581
129
-7130
-2503
-6672
-4786
-5283
-6391
-3151
-7108
-581
-6823
2076
-5577
4440
-3550
6178
-1024
7052
1638
6934
4077
5847
5946
3932
6975
1471
7030
-1204
6093
-3699
4303
-5683
1909
-6867
-754
-7089
-3310
-6313
-5404
-4649
-6732
-2340
-7122
306
-6509
2909
-4980
5098
-2754
6576
-144
7125
2489
6683
4776
5292
6383
3163
7104
593
6821
-2065
5589
-4429
3566
-6181
1038
-7049
-1626
-6939
-4069
-5856
-5935
-3945
-6973
-1491
-7031
1188
-6097
3688
-4316
5676
-1919
6864
737
7090
3298
6322
5393
4662
6733
2351
7125
-289
6519
-2891
4998
-5086
2770
-6568
163
-7128
-2474
-6691
-4759
-5302
-6380
-3186
-7104
-611
-6825
2044
-5598
4410
-3579
6162
-1062
7047
1607
6946
4052
5866
5927
3965
6969
1507
7032
-1166
6113
-3672
4334
-5662
1939
-6856
-717
-7095
-3279
-6331
-5378
-4679
-6724
-2368
-7121
269
-6521
2870
-5012
5070
-2784
6558
-196
7116
2446
6683
4743
5318
6365
3199
7099
632
6829
-2025
5610
-4397
3589
-6152
1082
-7042
-1587
-6946
-4033
-5874
-5911
-3982
-6963
-1525
-7034
1144
-6124
3654
-4350
5656
-1962
6857
696
7102
3265
6338
5368
4698
6719
2390
7123
-251
6534
-2852
5023
-5059
2809
-6555
203
-7127
-2438
-6695
-4730
-5327
-6362
-3216
-7097
-644
-6836
2008
-5617
4388
-3610
6142
-1096
7039
1576
6952
4021
5891
5905
3992
6960
1535
7038
-1128
6132
-3643
4357
-5643
1978
-6850
-688
-7102
-3246
-6341
-5358
-4710
-6713
-2402
-7126
232
-6539
2839
-5034
5053
-2823
6548
-216
7127
2420
6702
4717
5344
6355
3234
7097
672
6846
-1982
5632
-4369
3630
-6131
1123
-7036
-1552
-6955
-4000
-5902
-5896
-4015
-6956
-1565
-7044
1108
-6143
3621
-4371
5623
-1997
6842
661
7098
3229
6359
5343
4724
6706
2421
7125
-212
6549
-2820
5048
-5030
2843
-6533
234
-7120
-2398
-6711
-4699
-5361
-6342
-3250
-7095
-685
-6852
1968
-5645
4355
-3650
6119
-1139
7041
1532
6961
3983
5909
5881
4023
6939
1587
7052
-1087
6151
-3606
4393
-5617
2018
-6838
-646
-7099
-3210
-6366
-5332
-4740
-6697
-2441
-7124
193
-6555
2806
-5064
5017
-2860
6531
-254
7122
2380
6716
4685
5373
6334
3271
7094
712
6857
-1947
5660
-4338
3666
-6110
1157
-7036
-1511
-6962
-3968
-5922
-5871
-4038
-6942
-1598
-7047
1070
-6160
3589
-4404
5603
-2027
6835
624
7103
3195
6374
5319
4746
6690
2461
7126
-174
6560
-2790
5078
-5000
2880
-6522
277
-7125
-2364
-6728
-4668
-5379
-6324
-3284
-7088
-728
-6858
1933
-5669
4318
-3676
6105
-1173
7031
1498
6967
3961
5927
5862
4056
6946
1611
7050
-1059
6163
-3580
4416
-5596
2042
-6832
-609
-7101
-3184
-6382
-5305
-4759
-6687
-2474
-7127
160
-6560
2775
-5086
4993
-2888
6516
-292
7117
2346
6732
4665
5392
6319
0
1588
1168
1152
1360
1616
1556
1040
1360
1256
1066
2026
1508
1312
1192
1462
1549
1160
1324
1152
1926
1384
1853
1154
1684
1493
1750
1280
1280
1370
1538
1065
1362
1394
1241
1035
1521
1254
1159
1125
1862
1868
1766
1190
1988
1262
1152
1640
1674
1796
1594
1062
1445
1661
1067
1566
1526
2031
1401
1746
1222
1667
1205
1970
1822
1944
1931
1205
2009
1086
2037
1192
1258
1980
1738
1058
1152
1203
1891
1098
1154
1556
1350
1597
1940
1620
1580
1980
1802
1563
1238
1352
1346
1558
1599
1594
1549
1533
1274
1428
1109
1794
1770
1562
1686
1417
2010
1352
1110
1462
1250
1342
1906
1387
1764
1515
1180
1254
1867
1279
1135
1901
1151
1429
1750
1359
1683
1565
1062
1355
1884
1473
1045
1156
1650
1583
1428
1357
1773
1525
1099
1162
1164
1212
1126
1064
1418
1494
1210
1723
1025
1706
1913
1303
1350
1795
1162
1640
1530
1184
1170
1896
1459
1828
1402
1641
1149
1327
2037
1537
1745
1998
1315
1188
1030
1989
1935
1354
1192
1398
1832
1912
1295
1774
1113
1416
1158
1563
1791
1425
1780
1599
1926
1825
1061
1049
1668
1069
1146
1862
1834
1812
1356
1764
1402
1258
1806
1296
1940
1280
1910
1954
1561
1260
1341
1160
1113
1315
1239
1145
1788
1447
1167
1534
1921
1620
1662
1134
1090
1034
1220
1973
1484
1481
1769
1588
1553
1102
1202
1305
1225
1025
1378
1241
1186
1508
1603
1113
1204
1458
1350
1729
1425
1422
1179
1805
1751
1954
1137
1451
1962
1800
1466
1508
1025
1768
1341
1267
1385
1803
1462
1810
1985
1172
1168
-980
-7062
-3514
-6206
-5550
-4482
-6807
-2127
-7112
537
-6412
3109
-4829
5254
-2546
6656
74
7130
2696
6602
4930
5143
6500
2962
7124
370
6751
-2270
5452
-4603
3372
-6281
826
-7075
-1839
-6887
-4248
-5728
-6054
-3763
-7016
-1263
-6986
1402
-5987
3873
-4139
5809
-1712
6922
960
7071
3488
6214
5533
4499
6799
2145
7110
-512
6426
-3093
4832
-5244
2567
-6644
-60
-7129
-2685
-6609
-4917
-5162
-6479
-2987
-7118
-394
-6763
2250
-5458
4584
-3389
6268
-841
7079
1821
6890
4226
5735
6046
3779
7017
1288
6991
-1385
5992
-3866
4148
-5797
1727
-6918
-945
-7068
-3478
-6225
-5523
-4511
-6793
-2157
-7112
489
-6432
3067
-4841
5225
-2585
6644
40
7129
2660
6607
4906
5171
6471
2998
7118
408
6769
-2242
5467
-4573
3402
-6264
855
-7078
-1813
-6897
-4219
-5747
-6042
-3788
-7008
-1301
-6995
1370
-6002
3857
-4160
5789
-1742
6914
930
7069
3463
6231
5515
4520
6787
2169
7108
-481
6434
-3063
4856
-5215
2596
-6634
-31
-7127
-2647
-6621
-4895
-5179
-6463
-3014
-7114
-432
-6777
2224
-5477
4565
-3420
6261
-871
7077
1793
6901
4210
5761
6034
3803
7008
1314
6999
-1355
6012
-3838
4160
-5773
1753
-6914
-911
-7071
-3449
-6240
-5503
-4531
-6780
-2187
-7113
458
-6442
3044
-4872
5200
-2614
6629
5
7126
2631
6628
4884
5190
6450
3026
7114
445
6778
-2209
5490
-4544
3436
-6246
890
-7076
-1774
-6905
-4194
-5773
-6020
-3819
-7006
-1337
-7002
1336
-6019
3818
-4195
5763
-1774
6903
890
7072
3427
6250
5485
4546
6768
2208
7113
-437
6452
-3023
4887
-5186
2636
-6621
16
-7128
-2610
-6636
-4869
-5207
-6444
-3053
-7116
-466
-6784
2186
-5508
4523
-3451
6240
-920
7070
1745
6910
4173
5782
6004
3843
7006
1366
7005
-1313
6036
-3797
4216
-5750
1798
-6894
-860
-7076
-3406
-6260
-5470
-4565
-6770
-2232
-7122
417
-6462
3001
-4903
5172
-2653
6619
-37
7127
2591
6641
4852
5220
6433
3070
7112
482
6790
-2171
5521
-4514
3469
-6231
931
-7069
-1735
-6914
-4161
-5789
-5999
-3850
-6993
-1371
-7003
1303
-6038
3783
-4220
5747
-1812
6889
849
7076
3399
6270
5463
4580
6767
2244
7120
-403
6471
-2986
4915
-5165
2671
-6604
53
-7130
-2579
-6647
-4848
-5229
-6426
-3084
-7110
-498
-6794
2149
-5529
4507
-3484
6223
-951
7062
1719
6922
4146
5801
5988
3872
6989
1392
7008
-1278
6051
-3761
4237
-5731
1833
-6890
-832
-7084
-3381
-6279
-5446
-4594
-6761
-2265
-7121
382
-6481
2968
-4925
5151
-2691
6604
-70
7131
2560
6657
4830
5248
6420
3103
7112
518
6801
-2128
5541
-4489
3496
-6208
972
-7066
-1699
-6922
-4125
-5815
-5973
-3883
-6987
-1412
-7015
1253
-6059
3750
-4250
5722
-1856
6879
810
7083
3357
6283
5436
4610
6750
2281
7119
-362
6485
-2960
4941
-5140
2705
-6592
88
-7132
-2540
-6656
-4814
-5257
-6414
-3115
-7103
-535
-6807
2117
-5552
4478
-3514
6204
-986
7066
1686
6926
4113
5823
5967
3894
6980
1427
7023
-1240
6072
-3739
4267
-5708
1868
-6880
-794
-7086
-3342
-6293
-5426
-4623
-6748
-2296
-7123
341
-6498
2943
-4955
5120
-2724
6593
-105
7128
2523
6667
4800
5266
6406
3131
7108
558
6810
-2097
5558
-4462
3528
-6191
1006
-7060
-1664
-6930
-4098
-5835
-5955
-3913
-6976
-1452
-7016
1226
-6076
3729
-4291
5688
-1888
6874
770
7085
3320
6306
5411
4641
6739
2323
7122
-320
6504
-2924
4966
-5101
2747
-6581
129
-7130
-2503
-6672
-4786
-5283
-6391
-3151
-7108
-581
-6823
2076
-5577
4440
-3550
6178
-1024
7052
1638
6934
4077
5847
5946
3932
6975
1471
7030
-1204
6093
-3699
4303
-5683
1909
-6867
-754
-7089
-3310
-6313
-5404
-4649
-6732
-2340
-7122
306
-6509
2909
-4980
5098
-2754
6576
-144
7125
2489
6683
4776
5292
6383
3163
7104
593
6821
-2065
5589
-4429
3566
-6181
1038
-7049
-1626
-6939
-4069
-5856
-5935
-3945
-6973
-1491
-7031
1188
-6097
3688
-4316
5676
-1919
6864
737
7090
3298
6322
5393
4662
6733
2351
7125
-289
6519
-2891
4998
-5086
2770
-6568
163
-7128
-2474
-6691
-4759
-5302
-6380
-3186
-7104
-611
-6825
2044
-5598
4410
-3579
6162
-1062
7047
1607
6946
4052
5866
5927
3965
6969
1507
7032
-1166
6113
-3672
4334
-5662
1939
-6856
-717
-7095
-3279
-6331
-5378
-4679
-6724
-2368
-7121
269
-6521
2870
-5012
5070
-2784
6558
-196
7116
2446
6683
4743
5318
6365
3199
7099
632
6829
-2025
5610
-4397
3589
-6152
1082
-7042
-1587
-6946
-4033
-5874
-5911
-3982
-6963
-1525
-7034
1144
-6124
3654
-4350
5656
-1962
6857
696
7102
3265
6338
5368
4698
6719
2390
7123
-251
6534
-2852
5023
-5059
2809
-6555
203
-7127
-2438
-6695
-4730
-5327
-6362
-3216
-7097
-644
-6836
2008
-5617
4388
-3610
6142
-1096
7039
1576
6952
4021
5891
5905
3992
6960
1535
7038
-1128
6132
-3643
4357
-5643
1978
-6850
-688
-7102
-3246
-6341
-5358
-4710
-6713
-2402
-7126
232
-6539
2839
-5034
5053
-2823
6548
-216
7127
2420
6702
4717
5344
6355
3234
7097
672
6846
-1982
5632
-4369
3630
-6131
1123
-7036
-1552
-6955
-4000
-5902
-5896
-4015
-6956
-1565
-7044
1108
-6143
3621
-4371
5623
-1997
6842
661
7098
3229
6359
5343
4724
6706
2421
7125
-212
6549
-2820
5048
-5030
2843
-6533
234
-7120
-2398
-6711
-4699
-5361
-6342
-3250
-7095
-685
-6852
1968
-5645
4355
-3650
6119
-1139
7041
1532
6961
3983
5909
5881
4023
6939
1587
7052
-1087
6151
-3606
4393
-5617
2018
-6838
-646
-7099
-3210
-6366
-5332
-4740
-6697
-2441
-7124
193
-6555
2806
-5064
5017
-2860
6531
-254
7122
2380
6716
4685
5373
6334
3271
7094
712
6857
-1947
5660
-4338
3666
-6110
1157
-7036
-1511
-6962
-3968
-5922
-5871
-4038
-6942
-1598
-7047
1070
-6160
3589
-4404
5603
-2027
6835
624
7103
3195
6374
5319
4746
6690
2461
7126
-174
6560
-2790
5078
-5000
2880
-6522
277
-7125
-2364
-6728
-4668
-5379
-6324
-3284
-7088
-728
-6858
1933
-5669
4318
-3676
6105
-1173
7031
1498
6967
3961
5927
5862
4056
6946
1611
7050
-1059
6163
-3580
4416
-5596
2042
-6832
-609
-7101
-3184
-6382
-5305
-4759
-6687
-2474
-7127
160
-6560
2775
-5086
4993
-2888
6516
-292
7117
2346
6732
4665
5392
6319
0
1588
1168
1152
1360
1616
1556
1040
1360
1256
1066
2026
1508
1312
1192
1462
1549
1160
1324
1152
1926
1384
1853
1154
1684
1493
1750
1280
1280
1370
1538
1065
1362
1394
1241
1035
1521
1254
1159
1125
1862
1868
1766
1190
1988
1262
1152
1640
1674
1796
1594
1062
1445
1661
1067
1566
1526
2031
1401
1746
1222
1667
1205
1970
1822
1944
1931
1205
2009
1086
2037
1192
1258
1980
1738
1058
1152
1203
1891
1098
1154
1556
1350
1597
1940
1620
1580
1980
1802
1563
1238
1352
1346
1558
1599
1594
1549
1533
1274
1428
1109
1794
1770
1562
1686
1417
2010
1352
1110
1462
1250
1342
1906
1387
1764
1515
1180
1254
1867
1279
1135
1901
1151
1429
1750
1359
1683
1565
1062
1355
1884
1473
1045
1156
1650
1583
1428
1357
1773
1525
1099
1162
1164
1212
1126
1064
1418
1494
1210
1723
1025
1706
1913
1303
1350
1795
1162
1640
1530
1184
1170
1896
1459
1828
1402
1641
1149
1327
2037
1537
1745
1998
1315
1188
1030
1989
1935
1354
1192
1398
1832
1912
1295
1774
1113
1416
1158
1563
1791
1425
1780
1599
1926
1825
1061
1049
1668
1069
1146
1862
1834
1812
1356
1764
1402
1258
1806
1296
1940
1280
1910
1954
1561
1260
1341
1160
1113
1315
1239
1145
1788
1447
1167
1534
1921
1620
1662
1134
1090
1034
1220
1973
1484
1481
1769
1588
1553
1102
1202
1305
1225
1025
1378
1241
1186
1508
1603
1113
1204
1458
1350
1729
1425
1422
1179
1805
1751
1954
1137
1451
1962
1800
1466
1508
1025
1768
1341
1267
1385
1803
1462
1810
1985
1172
1168
