1651 2 2000 1 512 0
-7061
962
-2140
6796
5238
4830
6604
-2678
385
-7111
-6272
-3379
-5730
4239
1395
6989
6917
1712
4490
-5524
-3085
-6420
-7130
58
-2985
6473
4584
5455
6888
-1826
1283
-7011
-5797
-4143
-6221
3479
499
7107
6649
2574
5156
-4917
-2250
-6759
-7079
-842
-3770
6046
3862
5989
7062
-945
2152
-6794
-5234
-4846
-6607
2673
-396
7113
6262
3389
5736
-4227
-1381
-6989
-6913
-1728
-4508
5518
3077
6426
7129
-43
2998
-6469
-4578
-5467
-6894
1812
-1292
7012
5788
4153
6224
-3468
-487
-7110
-6640
-2589
-5169
4903
2234
6760
7071
860
3788
-6038
-3849
-6000
-7065
923
-2172
6786
5216
4863
6615
-2646
420
-7115
-6255
-3416
-5751
4209
1356
6992
6906
1754
4526
-5502
-3054
-6438
-7121
20
-3017
6452
4556
5481
6900
-1786
1323
-7005
-5777
-4178
-6240
3444
460
7116
6630
2611
5177
-4885
-2214
-6767
-7068
-882
-3802
6022
3826
6007
7066
-903
2196
-6783
-5203
-4872
-6624
2632
-442
7112
6251
3430
5761
-4195
-1342
-6999
-6903
-1772
-4538
5493
3038
6450
7125
-6
3028
-6452
-4543
-5489
-6905
1776
-1330
7005
5763
4187
6250
-3433
-446
-7111
-6626
-2627
-5201
4873
2196
6778
7071
895
3842
-6023
-3816
-6021
-7075
885
-2211
6779
5194
4887
6629
-2616
460
-7109
-6236
-3445
-5769
4176
1320
7003
6901
1793
4559
-5484
-3022
-6451
-7121
-18
-3049
6440
4532
5504
6907
-1760
1352
-6998
-5757
-4209
-6254
3415
424
7113
6616
2645
5216
-4859
-2179
-6788
-7066
-920
-3837
5997
3791
6031
7073
-865
2229
-6771
-5179
-4898
-6637
2595
-484
7113
6233
3464
5788
-4164
-1302
-7008
-6889
-1807
-4570
5469
3002
6459
7124
40
3070
-6432
-4513
-5518
-6915
1734
-1370
6995
5731
4212
6257
-3406
-399
-7118
-6607
-2664
-5227
4839
2158
6795
7062
938
3857
-5988
-3775
-6042
-7071
842
-2246
6763
5160
4908
6644
-2576
495
-7116
-6226
-3480
-5798
4149
1286
7008
6887
1825
4580
-5458
-2984
-6467
-7125
-53
-3082
6427
4504
5524
6912
-1720
1385
-6983
-5734
-4235
-6275
3383
390
7119
6604
2675
5234
-4836
-2149
-6792
-7059
-954
-3873
5982
3771
6051
7074
-835
2259
-6755
-5148
-4924
-6649
2569
-509
7112
6216
3486
5806
-4140
-1274
-7013
-6893
-1836
-4590
5453
2964
6482
7129
66
3092
-6421
-4487
-5529
-6913
1705
-1399
6985
5727
4241
6279
-3374
-374
-7119
-6601
-2693
-5247
4823
2132
6798
7063
972
3884
-5979
-3754
-6058
-7078
813
-2275
6750
5136
4941
6656
-2549
526
-7112
-6207
-3507
-5814
4123
1255
7016
6882
1852
4613
-5439
-2953
-6487
-7128
-86
-3116
6408
4473
5547
6924
-1681
1422
-6988
-5713
-4260
-6287
3350
348
7121
6595
2710
5262
-4811
-2109
-6806
-7060
-993
-3902
5961
3733
6070
7077
-791
2301
-6746
-5124
-4958
-6673
2532
-556
7104
6198
3524
5826
-4103
-1240
-7022
-6881
-1871
-4626
5425
2933
6490
7126
104
3132
-6399
-4461
-5560
-6928
1664
-1438
6976
5701
4278
6301
-3337
-341
-7121
-6589
-2731
-5274
4796
2095
6810
7055
1010
3913
-5955
-3719
-6078
-7081
769
-2315
6740
5110
4963
6666
-2514
569
-7099
-6187
-3541
-5837
4088
1218
7022
6868
1894
4639
-5410
-2917
-6504
-7128
-124
-3151
6388
4443
5569
6932
-1647
1460
-6978
-5690
-4295
-6305
3314
315
7116
6584
2745
5284
-4780
-2070
-6822
-7057
-1032
-3932
5952
3703
6088
7085
-755
2332
-6737
-5099
-4976
-6675
2492
-590
7103
6176
3557
5847
-4075
-1195
-7024
-6868
-1915
-4655
5396
2902
6510
7125
152
3170
-6381
-4429
-5585
-6938
1627
-1477
6965
5675
4310
6318
-3300
-296
-7120
-6568
-2760
-5299
4765
2056
6823
7058
1044
3947
-5931
-3690
-6100
-7086
735
-2351
6732
5085
4992
6679
-2478
607
-7102
-6168
-3571
-5864
4063
1183
7026
6863
1931
4671
-5391
-2886
-6522
-7122
-169
-3190
6378
4417
5596
6940
-1611
1503
-6972
-5666
-4321
-6325
3284
278
7123
6561
2779
5313
-4749
-2041
-6833
-7048
-1069
-3968
5922
3670
6111
7092
-722
2363
-6721
-5070
-5004
-6687
2456
-622
7100
6155
3583
5864
-4044
-1157
-7030
-6857
-1941
-4678
5379
2872
6525
7127
182
3203
-6370
-4401
-5608
-6942
1590
-1520
6963
5655
4342
6332
-3269
-263
-7119
-6552
-2800
-5323
4737
2024
6833
7040
1083
3983
-5909
-3654
-6120
-7100
701
-2389
6713
5055
5019
6693
-2442
646
-7093
-6149
-3604
-5879
4029
1134
7034
6855
1961
4691
-5361
-2850
-6529
-7126
-200
-3219
6359
4385
5620
6950
-1568
1538
-6956
-5641
-4350
-6335
3249
240
7118
6548
2811
5333
-4727
-2007
-6837
-7036
-1098
-3992
5902
3640
6125
7091
-685
2403
-6710
-5046
-5030
-6700
2427
-659
7098
6141
3616
5889
-4014
-1127
-7040
-6848
-1976
-4698
5353
2835
6541
7132
213
3227
-6362
-4376
-5621
-6950
1557
-1549
6952
5637
4364
6342
-3243
-229
-7117
-6542
-2828
-5339
4718
1993
6845
7037
1114
4000
-5896
-3629
-6131
-7095
668
-2416
6700
5042
5020
6706
-2410
677
-7092
-6132
-3627
-5902
4001
1116
7034
6843
1995
4719
-5340
-2829
-6547
-7126
-232
-3241
6347
4360
5635
6960
-1549
1563
-6957
-5621
-4380
-6350
3224
205
7125
6537
2846
5353
-4699
-1970
-6849
-7036
-1129
-4022
5886
3614
6144
7089
-647
2438
-6699
-5022
-5057
-6710
2395
-695
7089
6120
3651
5909
-3984
-1089
-7040
-6832
-2011
-4737
5321
2808
6553
7119
247
3264
-6337
-4343
-5655
-6968
1521
-1583
6953
5612
4393
6362
-3204
-191
-7124
-6521
-2859
-5377
4688
1952
6853
7035
1152
4031
-5878
-3596
-6154
-7096
630
-2451
6691
5009
5067
6722
-2379
714
-7089
-6118
-3670
-5912
3974
1072
7047
6833
2034
4743
-5315
-2789
-6559
-7124
-269
-3280
6326
4329
5667
6969
-1502
1605
-6941
-5598
-4410
-6377
3187
169
7128
6520
2881
5383
-4671
-1934
-6859
-7029
-1172
-4052
5864
3575
6166
7105
-608
2470
-6691
-4998
-5077
-6729
2355
-740
7092
6101
3678
5932
-3945
-1046
-7048
-6823
-2054
-4764
5302
2768
6568
7120
294
3301
-6315
-4320
-5674
-6978
1482
-1622
6938
5582
4428
6380
-3172
-153
-7123
-6503
-2896
-5392
4655
1919
6865
7026
1183
4063
-5854
-3561
-6175
-7101
596
-2486
6675
4980
5088
6732
-2340
755
-7093
-6094
-3694
-5936
3938
1036
7050
6818
2063
4767
-5290
-2752
-6565
-7119
0
1588
1168
1152
1360
1616
1556
1040
1360
1256
1066
2026
1508
1312
1192
1462
1549
1160
1324
1152
1926
1384
1853
1154
1684
1493
1750
1280
1280
1370
1538
1065
1362
1394
1241
1035
1521
1254
1159
1125
1862
1868
1766
1190
1988
1262
1152
1640
1674
1796
1594
1062
1445
1661
1067
1566
1526
2031
1401
1746
1222
1667
1205
1970
1822
1944
1931
1205
2009
1086
2037
1192
1258
1980
1738
1058
1152
1203
1891
1098
1154
1556
1350
1597
1940
1620
1580
1980
1802
1563
1238
1352
1346
1558
1599
1594
1549
1533
1274
1428
1109
1794
1770
1562
1686
1417
2010
1352
1110
1462
1250
1342
1906
1387
1764
1515
1180
1254
1867
1279
1135
1901
1151
1429
1750
1359
1683
1565
1062
1355
1884
1473
1045
1156
1650
1583
1428
1357
1773
1525
1099
1162
1164
1212
1126
1064
1418
1494
1210
1723
1025
1706
1913
1303
1350
1795
1162
1640
1530
1184
1170
1896
1459
1828
1402
1641
1149
1327
2037
1537
1745
1998
1315
1188
1030
1989
1935
1354
1192
1398
1832
1912
1295
1774
1113
1416
1158
1563
1791
1425
1780
1599
1926
1825
1061
1049
1668
1069
1146
1862
1834
1812
1356
1764
1402
1258
1806
1296
1940
1280
1910
1954
1561
1260
1341
1160
1113
1315
1239
1145
1788
1447
1167
1534
1921
1620
1662
1134
1090
1034
1220
1973
1484
1481
1769
1588
1553
1102
1202
1305
1225
1025
1378
1241
1186
1508
1603
1113
1204
1458
1350
1729
1425
1422
1179
1805
1751
1954
1137
1451
1962
1800
1466
1508
1025
1768
1341
1267
1385
1803
1462
1810
1985
1172
1168
-7061
962
-2140
6796
5238
4830
6604
-2678
385
-7111
-6272
-3379
-5730
4239
1395
6989
6917
1712
4490
-5524
-3085
-6420
-7130
58
-2985
6473
4584
5455
6888
-1826
1283
-7011
-5797
-4143
-6221
3479
499
7107
6649
2574
5156
-4917
-2250
-6759
-7079
-842
-3770
6046
3862
5989
7062
-945
2152
-6794
-5234
-4846
-6607
2673
-396
7113
6262
3389
5736
-4227
-1381
-6989
-6913
-1728
-4508
5518
3077
6426
7129
-43
2998
-6469
-4578
-5467
-6894
1812
-1292
7012
5788
4153
6224
-3468
-487
-7110
-6640
-2589
-5169
4903
2234
6760
7071
860
3788
-6038
-3849
-6000
-7065
923
-2172
6786
5216
4863
6615
-2646
420
-7115
-6255
-3416
-5751
4209
1356
6992
6906
1754
4526
-5502
-3054
-6438
-7121
20
-3017
6452
4556
5481
6900
-1786
1323
-7005
-5777
-4178
-6240
3444
460
7116
6630
2611
5177
-4885
-2214
-6767
-7068
-882
-3802
6022
3826
6007
7066
-903
2196
-6783
-5203
-4872
-6624
2632
-442
7112
6251
3430
5761
-4195
-1342
-6999
-6903
-1772
-4538
5493
3038
6450
7125
-6
3028
-6452
-4543
-5489
-6905
1776
-1330
7005
5763
4187
6250
-3433
-446
-7111
-6626
-2627
-5201
4873
2196
6778
7071
895
3842
-6023
-3816
-6021
-7075
885
-2211
6779
5194
4887
6629
-2616
460
-7109
-6236
-3445
-5769
4176
1320
7003
6901
1793
4559
-5484
-3022
-6451
-7121
-18
-3049
6440
4532
5504
6907
-1760
1352
-6998
-5757
-4209
-6254
3415
424
7113
6616
2645
5216
-4859
-2179
-6788
-7066
-920
-3837
5997
3791
6031
7073
-865
2229
-6771
-5179
-4898
-6637
2595
-484
7113
6233
3464
5788
-4164
-1302
-7008
-6889
-1807
-4570
5469
3002
6459
7124
40
3070
-6432
-4513
-5518
-6915
1734
-1370
6995
5731
4212
6257
-3406
-399
-7118
-6607
-2664
-5227
4839
2158
6795
7062
938
3857
-5988
-3775
-6042
-7071
842
-2246
6763
5160
4908
6644
-2576
495
-7116
-6226
-3480
-5798
4149
1286
7008
6887
1825
4580
-5458
-2984
-6467
-7125
-53
-3082
6427
4504
5524
6912
-1720
1385
-6983
-5734
-4235
-6275
3383
390
7119
6604
2675
5234
-4836
-2149
-6792
-7059
-954
-3873
5982
3771
6051
7074
-835
2259
-6755
-5148
-4924
-6649
2569
-509
7112
6216
3486
5806
-4140
-1274
-7013
-6893
-1836
-4590
5453
2964
6482
7129
66
3092
-6421
-4487
-5529
-6913
1705
-1399
6985
5727
4241
6279
-3374
-374
-7119
-6601
-2693
-5247
4823
2132
6798
7063
972
3884
-5979
-3754
-6058
-7078
813
-2275
6750
5136
4941
6656
-2549
526
-7112
-6207
-3507
-5814
4123
1255
7016
6882
1852
4613
-5439
-2953
-6487
-7128
-86
-3116
6408
4473
5547
6924
-1681
1422
-6988
-5713
-4260
-6287
3350
348
7121
6595
2710
5262
-4811
-2109
-6806
-7060
-993
-3902
5961
3733
6070
7077
-791
2301
-6746
-5124
-4958
-6673
2532
-556
7104
6198
3524
5826
-4103
-1240
-7022
-6881
-1871
-4626
5425
2933
6490
7126
104
3132
-6399
-4461
-5560
-6928
1664
-1438
6976
5701
4278
6301
-3337
-341
-7121
-6589
-2731
-5274
4796
2095
6810
7055
1010
3913
-5955
-3719
-6078
-7081
769
-2315
6740
5110
4963
6666
-2514
569
-7099
-6187
-3541
-5837
4088
1218
7022
6868
1894
4639
-5410
-2917
-6504
-7128
-124
-3151
6388
4443
5569
6932
-1647
1460
-6978
-5690
-4295
-6305
3314
315
7116
6584
2745
5284
-4780
-2070
-6822
-7057
-1032
-3932
5952
3703
6088
7085
-755
2332
-6737
-5099
-4976
-6675
2492
-590
7103
6176
3557
5847
-4075
-1195
-7024
-6868
-1915
-4655
5396
2902
6510
7125
152
3170
-6381
-4429
-5585
-6938
1627
-1477
6965
5675
4310
6318
-3300
-296
-7120
-6568
-2760
-5299
4765
2056
6823
7058
1044
3947
-5931
-3690
-6100
-7086
735
-2351
6732
5085
4992
6679
-2478
607
-7102
-6168
-3571
-5864
4063
1183
7026
6863
1931
4671
-5391
-2886
-6522
-7122
-169
-3190
6378
4417
5596
6940
-1611
1503
-6972
-5666
-4321
-6325
3284
278
7123
6561
2779
5313
-4749
-2041
-6833
-7048
-1069
-3968
5922
3670
6111
7092
-722
2363
-6721
-5070
-5004
-6687
2456
-622
7100
6155
3583
5864
-4044
-1157
-7030
-6857
-1941
-4678
5379
2872
6525
7127
182
3203
-6370
-4401
-5608
-6942
1590
-1520
6963
5655
4342
6332
-3269
-263
-7119
-6552
-2800
-5323
4737
2024
6833
7040
1083
3983
-5909
-3654
-6120
-7100
701
-2389
6713
5055
5019
6693
-2442
646
-7093
-6149
-3604
-5879
4029
1134
7034
6855
1961
4691
-5361
-2850
-6529
-7126
-200
-3219
6359
4385
5620
6950
-1568
1538
-6956
-5641
-4350
-6335
3249
240
7118
6548
2811
5333
-4727
-2007
-6837
-7036
-1098
-3992
5902
3640
6125
7091
-685
2403
-6710
-5046
-5030
-6700
2427
-659
7098
6141
3616
5889
-4014
-1127
-7040
-6848
-1976
-4698
5353
2835
6541
7132
213
3227
-6362
-4376
-5621
-6950
1557
-1549
6952
5637
4364
6342
-3243
-229
-7117
-6542
-2828
-5339
4718
1993
6845
7037
1114
4000
-5896
-3629
-6131
-7095
668
-2416
6700
5042
5020
6706
-2410
677
-7092
-6132
-3627
-5902
4001
1116
7034
6843
1995
4719
-5340
-2829
-6547
-7126
-232
-3241
6347
4360
5635
6960
-1549
1563
-6957
-5621
-4380
-6350
3224
205
7125
6537
2846
5353
-4699
-1970
-6849
-7036
-1129
-4022
5886
3614
6144
7089
-647
2438
-6699
-5022
-5057
-6710
2395
-695
7089
6120
3651
5909
-3984
-1089
-7040
-6832
-2011
-4737
5321
2808
6553
7119
247
3264
-6337
-4343
-5655
-6968
1521
-1583
6953
5612
4393
6362
-3204
-191
-7124
-6521
-2859
-5377
4688
1952
6853
7035
1152
4031
-5878
-3596
-6154
-7096
630
-2451
6691
5009
5067
6722
-2379
714
-7089
-6118
-3670
-5912
3974
1072
7047
6833
2034
4743
-5315
-2789
-6559
-7124
-269
-3280
6326
4329
5667
6969
-1502
1605
-6941
-5598
-4410
-6377
3187
169
7128
6520
2881
5383
-4671
-1934
-6859
-7029
-1172
-4052
5864
3575
6166
7105
-608
2470
-6691
-4998
-5077
-6729
2355
-740
7092
6101
3678
5932
-3945
-1046
-7048
-6823
-2054
-4764
5302
2768
6568
7120
294
3301
-6315
-4320
-5674
-6978
1482
-1622
6938
5582
4428
6380
-3172
-153
-7123
-6503
-2896
-5392
4655
1919
6865
7026
1183
4063
-5854
-3561
-6175
-7101
596
-2486
6675
4980
5088
6732
-2340
755
-7093
-6094
-3694
-5936
3938
1036
7050
6818
2063
4767
-5290
-2752
-6565
-7119
0
1588
1168
1152
1360
1616
1556
1040
1360
1256
1066
2026
1508
1312
1192
1462
1549
1160
1324
1152
1926
1384
1853
1154
1684
1493
1750
1280
1280
1370
1538
1065
1362
1394
1241
1035
1521
1254
1159
1125
1862
1868
1766
1190
1988
1262
1152
1640
1674
1796
1594
1062
1445
1661
1067
1566
1526
2031
1401
1746
1222
1667
1205
1970
1822
1944
1931
1205
2009
1086
2037
1192
1258
1980
1738
1058
1152
1203
1891
1098
1154
1556
1350
1597
1940
1620
1580
1980
1802
1563
1238
1352
1346
1558
1599
1594
1549
1533
1274
1428
1109
1794
1770
1562
1686
1417
2010
1352
1110
1462
1250
1342
1906
1387
1764
1515
1180
1254
1867
1279
1135
1901
1151
1429
1750
1359
1683
1565
1062
1355
1884
1473
1045
1156
1650
1583
1428
1357
1773
1525
1099
1162
1164
1212
1126
1064
1418
1494
1210
1723
1025
1706
1913
1303
1350
1795
1162
1640
1530
1184
1170
1896
1459
1828
1402
1641
1149
1327
2037
1537
1745
1998
1315
1188
1030
1989
1935
1354
1192
1398
1832
1912
1295
1774
1113
1416
1158
1563
1791
1425
1780
1599
1926
1825
1061
1049
1668
1069
1146
1862
1834
1812
1356
1764
1402
1258
1806
1296
1940
1280
1910
1954
1561
1260
1341
1160
1113
1315
1239
1145
1788
1447
1167
1534
1921
1620
1662
1134
1090
1034
1220
1973
1484
1481
1769
1588
1553
1102
1202
1305
1225
1025
1378
1241
1186
1508
1603
1113
1204
1458
1350
1729
1425
1422
1179
1805
1751
1954
1137
1451
1962
1800
1466
1508
1025
1768
1341
1267
1385
1803
1462
1810
1985
1172
1168
-6270
-3380
-1282
7007
7059
-949
-3088
-6423
-5154
4921
6270
3386
1281
-7007
-7055
947
3084
6419
5156
-4911
-6263
-3387
-1301
7009
7053
-944
-3080
-6417
-5157
4914
6267
3386
1284
-7004
-7059
939
3075
6422
5160
-4913
-6269
-3393
-1290
7006
7058
-935
-3074
-6423
-5162
4904
6260
3396
1295
-7005
-7061
931
3070
6428
5163
-4907
-6264
-3396
-1296
7004
7058
-928
-3069
-6428
-5166
4905
6262
3403
1300
-7007
-7060
929
3063
6426
5165
-4898
-6258
-3404
-1305
7000
7060
-921
-3063
-6430
-5174
4897
6260
3407
1306
-7004
-7064
917
3058
6433
5174
-4896
-6254
-3407
-1313
7001
7063
-916
-3057
-6433
-5171
4904
6260
3426
1314
-7006
-7061
913
3050
6433
5180
-4891
-6253
-3414
-1318
7002
7066
-912
-3048
-6435
-5177
4886
6248
3419
1322
-7004
-7067
903
3046
6438
5184
-4885
-6248
-3421
-1327
6998
7063
-899
-3042
-6443
-5187
4882
6247
3429
1329
-7001
-7066
898
3036
6444
5189
-4880
-6245
-3430
-1335
6998
7066
-893
-3036
-6443
-5191
4879
6248
3428
1331
-7001
-7067
892
3029
6444
5193
-4872
-6244
-3433
-1336
6997
7066
-889
-3028
-6442
-5192
4871
6236
3437
1343
-6994
-7072
881
3038
6445
5202
-4873
-6239
-3441
-1346
6996
7066
-876
-3018
-6448
-5202
4863
6240
3449
1352
-6999
-7072
873
3018
6448
5201
-4860
-6233
-3444
-1354
6992
7067
-870
-3014
-6456
-5202
4860
6236
3445
1354
-6997
-7071
873
3013
6455
5207
-4857
-6233
-3452
-1361
6994
7069
-863
-3015
-6456
-5208
4858
6227
3456
1361
-6990
-7072
862
3002
6458
5212
-4854
-6231
-3457
-1366
6993
7075
-858
-3003
-6458
-5215
4849
6224
3465
1372
-6989
-7076
852
3000
6460
5221
-4848
-6229
-3465
-1369
6994
7075
-847
-2992
-6463
-5220
4841
6223
3470
1378
-6990
-7076
848
3000
6461
5218
-4840
-6222
-3461
-1379
6987
7076
-845
-2986
-6461
-5226
4844
6217
3468
1378
-6990
-7073
849
2986
6463
5222
-4835
-6216
-3472
-1380
6990
7074
-836
-2988
-6468
-5227
4837
6220
3482
1389
-6988
-7074
834
2976
6470
5231
-4832
-6214
-3479
-1387
6982
7076
-829
-2978
-6472
-5234
4830
6209
3479
1397
-6981
-7076
833
2973
6472
5234
-4831
-6209
-3480
-1398
6981
7072
-828
-2970
-6476
-5239
4827
6210
3496
1406
-6988
-7080
816
2969
6477
5240
-4815
-6206
-3497
-1408
6979
7077
-815
-2960
-6476
-5245
4821
6207
3496
1407
-6980
-7072
815
2961
6476
5240
-4819
-6202
-3501
-1411
6983
7080
-814
-2959
-6477
-5248
4813
6201
3500
1417
-6974
-7078
807
2950
6477
5252
-4811
-6198
-3510
-1421
6979
7078
-802
-2949
-6479
-5251
4807
6193
3513
1430
-6976
-7080
796
2945
6478
5263
-4807
-6198
-3511
-1424
6978
7076
-794
-2946
-6487
-5258
4801
6198
3520
1437
-6976
-7082
794
2936
6491
5258
-4795
-6189
-3522
-1436
6976
7082
-789
-2936
-6491
-5265
4800
6190
3524
1435
-6978
-7079
789
2937
6490
5263
-4794
-6187
-3522
-1442
6976
7085
-786
-2934
-6490
-5268
4795
6183
3529
1444
-6973
-7085
779
2926
6501
5274
-4792
-6189
-3530
-1452
6972
7082
-781
-2926
-6492
-5275
4786
6173
3535
1459
-6970
-7085
771
2920
6504
5280
-4784
-6180
-3539
-1458
6968
7079
-765
-2917
-6501
-5281
4783
6183
3543
1462
-6977
-7085
764
2915
6499
5276
-4781
-6174
-3544
-1470
6970
7072
-772
-2910
-6497
-5282
4772
6176
3547
1459
-6971
-7081
763
2907
6502
5286
-4776
-6173
-3549
-1467
6966
7083
-753
-2907
-6500
-5283
4774
6172
3553
1470
-6970
-7082
759
2906
6501
5287
-4770
-6172
-3553
-1469
6968
7083
-755
-2904
-6503
-5293
4769
6168
3554
1477
-6962
-7086
748
2903
6512
5298
-4771
-6170
-3562
-1478
6964
7080
-745
-2886
-6506
-5300
4761
6169
3568
1485
-6970
-7084
739
2895
6512
5298
-4757
-6163
-3575
-1490
6968
7088
-736
-2888
-6511
-5300
4760
6155
3591
1489
-6963
-7082
734
2883
6511
5305
-4757
-6157
-3574
-1497
6962
7083
-729
-2883
-6510
-5300
4752
6158
3580
1497
-6964
-7084
725
2879
6514
5309
-4751
-6159
-3580
-1499
6966
7083
-727
-2880
-6513
-5309
4747
6154
3583
1507
-6963
-7090
724
2877
6522
5313
-4749
-6158
-3586
-1506
6960
7084
-715
-2872
-6516
-5316
4742
6157
3593
1510
-6962
-7092
714
2872
6521
5316
-4740
-6148
-3595
-1515
6955
7084
-705
-2866
-6525
-5314
4742
6149
3594
1519
-6958
-7090
707
2867
6528
5328
-4734
-6147
-3603
-1523
6959
7084
-705
-2859
-6525
-5320
4732
6142
3603
1529
-6957
-7090
698
2850
6523
5324
-4729
-6143
-3604
-1527
6959
7088
-698
-2852
-6529
-5330
4727
6141
3612
1535
-6952
-7089
691
2847
6530
5335
-4722
-6140
-3615
-1539
6956
7091
-685
-2839
-6532
-5336
4720
6136
3621
1544
-6956
-7090
680
2838
6530
5335
-4715
-6135
-3618
-1548
6953
7091
-678
-2838
-6533
-5341
4719
6134
3618
1547
-6949
-7086
673
2835
6532
5340
-4715
-6134
-3623
-1552
6948
7087
-671
-2833
-6534
-5341
4712
6131
3628
1555
-6949
-7092
667
2830
6535
5348
-4709
-6128
-3627
-1556
6948
7089
-664
-2822
-6539
-5346
4705
6128
3634
1565
-6946
-7093
662
2821
6539
5351
-4705
-6125
-3638
-1570
6948
7087
-656
-2817
-6545
-5351
4700
6127
3637
1569
-6948
-7092
653
2814
6541
5350
-4694
-6120
-3642
-1573
6943
7092
-656
-2811
-6543
-5354
4695
6119
3639
1576
-6942
-7089
647
2808
6546
5356
-4691
-6121
-3652
-1579
6948
7094
-644
-2805
-6543
-5360
4688
6111
3649
1584
-6940
-7090
639
2802
6548
5358
-4691
-6116
-3650
-1579
6943
7086
-639
-2799
-6545
-5359
4684
6117
3655
1586
-6944
-7096
639
2803
6552
5362
-4688
-6115
-3660
-1589
6941
7092
-633
-2794
-6550
-5370
4682
6113
3660
1592
-6943
-7093
627
2788
6549
5369
-4677
-6106
-3661
-1599
6935
7092
-621
-2789
-6552
-5370
4677
6105
3665
1597
-6939
-7093
619
2780
6556
5377
-4673
-6106
-3670
-1607
6940
7097
-618
-2782
-6560
-5380
4670
6105
3674
1614
-6942
-7095
609
2772
6559
5374
-4669
-6099
-3680
-1615
6940
7098
-607
-2769
-6557
-5385
4660
6098
3686
1620
-6941
-7097
604
2770
6564
5381
-4659
-6096
-3682
-1623
6933
7092
-600
-2767
-6567
-5391
4656
6096
3687
1624
-6938
-7102
603
2763
6563
5393
-4650
-6093
-3687
-1629
0
1588
1168
1152
1360
1616
1556
1040
1360
1256
1066
2026
1508
1312
1192
1462
1549
1160
1324
1152
1926
1384
1853
1154
1684
1493
1750
1280
1280
1370
1538
1065
1362
1394
1241
1035
1521
1254
1159
1125
1862
1868
1766
1190
1988
1262
1152
1640
1674
1796
1594
1062
1445
1661
1067
1566
1526
2031
1401
1746
1222
1667
1205
1970
1822
1944
1931
1205
2009
1086
2037
1192
1258
1980
1738
1058
1152
1203
1891
1098
1154
1556
1350
1597
1940
1620
1580
1980
1802
1563
1238
1352
1346
1558
1599
1594
1549
1533
1274
1428
1109
1794
1770
1562
1686
1417
2010
1352
1110
1462
1250
1342
1906
1387
1764
1515
1180
1254
1867
1279
1135
1901
1151
1429
1750
1359
1683
1565
1062
1355
1884
1473
1045
1156
1650
1583
1428
1357
1773
1525
1099
1162
1164
1212
1126
1064
1418
1494
1210
1723
1025
1706
1913
1303
1350
1795
1162
1640
1530
1184
1170
1896
1459
1828
1402
1641
1149
1327
2037
1537
1745
1998
1315
1188
1030
1989
1935
1354
1192
1398
1832
1912
1295
1774
1113
1416
1158
1563
1791
1425
1780
1599
1926
1825
1061
1049
1668
1069
1146
1862
1834
1812
1356
1764
1402
1258
1806
1296
1940
1280
1910
1954
1561
1260
1341
1160
1113
1315
1239
1145
1788
1447
1167
1534
1921
1620
1662
1134
1090
1034
1220
1973
1484
1481
1769
1588
1553
1102
1202
1305
1225
1025
1378
1241
1186
1508
1603
1113
1204
1458
1350
1729
1425
1422
1179
1805
1751
1954
1137
1451
1962
1800
1466
1508
1025
1768
1341
1267
1385
1803
1462
1810
1985
1172
1168
-6270
-3380
-1282
7007
7059
-949
-3088
-6423
-5154
4921
6270
3386
1281
-7007
-7055
947
3084
6419
5156
-4911
-6263
-3387
-1301
7009
7053
-944
-3080
-6417
-5157
4914
6267
3386
1284
-7004
-7059
939
3075
6422
5160
-4913
-6269
-3393
-1290
7006
7058
-935
-3074
-6423
-5162
4904
6260
3396
1295
-7005
-7061
931
3070
6428
5163
-4907
-6264
-3396
-1296
7004
7058
-928
-3069
-6428
-5166
4905
6262
3403
1300
-7007
-7060
929
3063
6426
5165
-4898
-6258
-3404
-1305
7000
7060
-921
-3063
-6430
-5174
4897
6260
3407
1306
-7004
-7064
917
3058
6433
5174
-4896
-6254
-3407
-1313
7001
7063
-916
-3057
-6433
-5171
4904
6260
3426
1314
-7006
-7061
913
3050
6433
5180
-4891
-6253
-3414
-1318
7002
7066
-912
-3048
-6435
-5177
4886
6248
3419
1322
-7004
-7067
903
3046
6438
5184
-4885
-6248
-3421
-1327
6998
7063
-899
-3042
-6443
-5187
4882
6247
3429
1329
-7001
-7066
898
3036
6444
5189
-4880
-6245
-3430
-1335
6998
7066
-893
-3036
-6443
-5191
4879
6248
3428
1331
-7001
-7067
892
3029
6444
5193
-4872
-6244
-3433
-1336
6997
7066
-889
-3028
-6442
-5192
4871
6236
3437
1343
-6994
-7072
881
3038
6445
5202
-4873
-6239
-3441
-1346
6996
7066
-876
-3018
-6448
-5202
4863
6240
3449
1352
-6999
-7072
873
3018
6448
5201
-4860
-6233
-3444
-1354
6992
7067
-870
-3014
-6456
-5202
4860
6236
3445
1354
-6997
-7071
873
3013
6455
5207
-4857
-6233
-3452
-1361
6994
7069
-863
-3015
-6456
-5208
4858
6227
3456
1361
-6990
-7072
862
3002
6458
5212
-4854
-6231
-3457
-1366
6993
7075
-858
-3003
-6458
-5215
4849
6224
3465
1372
-6989
-7076
852
3000
6460
5221
-4848
-6229
-3465
-1369
6994
7075
-847
-2992
-6463
-5220
4841
6223
3470
1378
-6990
-7076
848
3000
6461
5218
-4840
-6222
-3461
-1379
6987
7076
-845
-2986
-6461
-5226
4844
6217
3468
1378
-6990
-7073
849
2986
6463
5222
-4835
-6216
-3472
-1380
6990
7074
-836
-2988
-6468
-5227
4837
6220
3482
1389
-6988
-7074
834
2976
6470
5231
-4832
-6214
-3479
-1387
6982
7076
-829
-2978
-6472
-5234
4830
6209
3479
1397
-6981
-7076
833
2973
6472
5234
-4831
-6209
-3480
-1398
6981
7072
-828
-2970
-6476
-5239
4827
6210
3496
1406
-6988
-7080
816
2969
6477
5240
-4815
-6206
-3497
-1408
6979
7077
-815
-2960
-6476
-5245
4821
6207
3496
1407
-6980
-7072
815
2961
6476
5240
-4819
-6202
-3501
-1411
6983
7080
-814
-2959
-6477
-5248
4813
6201
3500
1417
-6974
-7078
807
2950
6477
5252
-4811
-6198
-3510
-1421
6979
7078
-802
-2949
-6479
-5251
4807
6193
3513
1430
-6976
-7080
796
2945
6478
5263
-4807
-6198
-3511
-1424
6978
7076
-794
-2946
-6487
-5258
4801
6198
3520
1437
-6976
-7082
794
2936
6491
5258
-4795
-6189
-3522
-1436
6976
7082
-789
-2936
-6491
-5265
4800
6190
3524
1435
-6978
-7079
789
2937
6490
5263
-4794
-6187
-3522
-1442
6976
7085
-786
-2934
-6490
-5268
4795
6183
3529
1444
-6973
-7085
779
2926
6501
5274
-4792
-6189
-3530
-1452
6972
7082
-781
-2926
-6492
-5275
4786
6173
3535
1459
-6970
-7085
771
2920
6504
5280
-4784
-6180
-3539
-1458
6968
7079
-765
-2917
-6501
-5281
4783
6183
3543
1462
-6977
-7085
764
2915
6499
5276
-4781
-6174
-3544
-1470
6970
7072
-772
-2910
-6497
-5282
4772
6176
3547
1459
-6971
-7081
763
2907
6502
5286
-4776
-6173
-3549
-1467
6966
7083
-753
-2907
-6500
-5283
4774
6172
3553
1470
-6970
-7082
759
2906
6501
5287
-4770
-6172
-3553
-1469
6968
7083
-755
-2904
-6503
-5293
4769
6168
3554
1477
-6962
-7086
748
2903
6512
5298
-4771
-6170
-3562
-1478
6964
7080
-745
-2886
-6506
-5300
4761
6169
3568
1485
-6970
-7084
739
2895
6512
5298
-4757
-6163
-3575
-1490
6968
7088
-736
-2888
-6511
-5300
4760
6155
3591
1489
-6963
-7082
734
2883
6511
5305
-4757
-6157
-3574
-1497
6962
7083
-729
-2883
-6510
-5300
4752
6158
3580
1497
-6964
-7084
725
2879
6514
5309
-4751
-6159
-3580
-1499
6966
7083
-727
-2880
-6513
-5309
4747
6154
3583
1507
-6963
-7090
724
2877
6522
5313
-4749
-6158
-3586
-1506
6960
7084
-715
-2872
-6516
-5316
4742
6157
3593
1510
-6962
-7092
714
2872
6521
5316
-4740
-6148
-3595
-1515
6955
7084
-705
-2866
-6525
-5314
4742
6149
3594
1519
-6958
-7090
707
2867
6528
5328
-4734
-6147
-3603
-1523
6959
7084
-705
-2859
-6525
-5320
4732
6142
3603
1529
-6957
-7090
698
2850
6523
5324
-4729
-6143
-3604
-1527
6959
7088
-698
-2852
-6529
-5330
4727
6141
3612
1535
-6952
-7089
691
2847
6530
5335
-4722
-6140
-3615
-1539
6956
7091
-685
-2839
-6532
-5336
4720
6136
3621
1544
-6956
-7090
680
2838
6530
5335
-4715
-6135
-3618
-1548
6953
7091
-678
-2838
-6533
-5341
4719
6134
3618
1547
-6949
-7086
673
2835
6532
5340
-4715
-6134
-3623
-1552
6948
7087
-671
-2833
-6534
-5341
4712
6131
3628
1555
-6949
-7092
667
2830
6535
5348
-4709
-6128
-3627
-1556
6948
7089
-664
-2822
-6539
-5346
4705
6128
3634
1565
-6946
-7093
662
2821
6539
5351
-4705
-6125
-3638
-1570
6948
7087
-656
-2817
-6545
-5351
4700
6127
3637
1569
-6948
-7092
653
2814
6541
5350
-4694
-6120
-3642
-1573
6943
7092
-656
-2811
-6543
-5354
4695
6119
3639
1576
-6942
-7089
647
2808
6546
5356
-4691
-6121
-3652
-1579
6948
7094
-644
-2805
-6543
-5360
4688
6111
3649
1584
-6940
-7090
639
2802
6548
5358
-4691
-6116
-3650
-1579
6943
7086
-639
-2799
-6545
-5359
4684
6117
3655
1586
-6944
-7096
639
2803
6552
5362
-4688
-6115
-3660
-1589
6941
7092
-633
-2794
-6550
-5370
4682
6113
3660
1592
-6943
-7093
627
2788
6549
5369
-4677
-6106
-3661
-1599
6935
7092
-621
-2789
-6552
-5370
4677
6105
3665
1597
-6939
-7093
619
2780
6556
5377
-4673
-6106
-3670
-1607
6940
7097
-618
-2782
-6560
-5380
4670
6105
3674
1614
-6942
-7095
609
2772
6559
5374
-4669
-6099
-3680
-1615
6940
7098
-607
-2769
-6557
-5385
4660
6098
3686
1620
-6941
-7097
604
2770
6564
5381
-4659
-6096
-3682
-1623
6933
7092
-600
-2767
-6567
-5391
4656
6096
3687
1624
-6938
-7102
603
2763
6563
5393
-4650
-6093
-3687
-1629
0
1588
1168
1152
1360
1616
1556
1040
1360
1256
1066
2026
1508
1312
1192
1462
1549
1160
1324
1152
1926
1384
1853
1154
1684
1493
1750
1280
1280
1370
1538
1065
1362
1394
1241
1035
1521
1254
1159
1125
1862
1868
1766
1190
1988
1262
1152
1640
1674
1796
1594
1062
1445
1661
1067
1566
1526
2031
1401
1746
1222
1667
1205
1970
1822
1944
1931
1205
2009
1086
2037
1192
1258
1980
1738
1058
1152
1203
1891
1098
1154
1556
1350
1597
1940
1620
1580
1980
1802
1563
1238
1352
1346
1558
1599
1594
1549
1533
1274
1428
1109
1794
1770
1562
1686
1417
2010
1352
1110
1462
1250
1342
1906
1387
1764
1515
1180
1254
1867
1279
1135
1901
1151
1429
1750
1359
1683
1565
1062
1355
1884
1473
1045
1156
1650
1583
1428
1357
1773
1525
1099
1162
1164
1212
1126
1064
1418
1494
1210
1723
1025
1706
1913
1303
1350
1795
1162
1640
1530
1184
1170
1896
1459
1828
1402
1641
1149
1327
2037
1537
1745
1998
1315
1188
1030
1989
1935
1354
1192
1398
1832
1912
1295
1774
1113
1416
1158
1563
1791
1425
1780
1599
1926
1825
1061
1049
1668
1069
1146
1862
1834
1812
1356
1764
1402
1258
1806
1296
1940
1280
1910
1954
1561
1260
1341
1160
1113
1315
1239
1145
1788
1447
1167
1534
1921
1620
1662
1134
1090
1034
1220
1973
1484
1481
1769
1588
1553
1102
1202
1305
1225
1025
1378
1241
1186
1508
1603
1113
1204
1458
1350
1729
1425
1422
1179
1805
1751
1954
1137
1451
1962
1800
1466
1508
1025
1768
1341
1267
1385
1803
1462
1810
1985
1172
1168
-6270
-3380
-1282
7007
7059
-949
-3088
-6423
-5154
4921
6270
3386
1281
-7007
-7055
947
3084
6419
5156
-4911
-6263
-3387
-1301
7009
7053
-944
-3080
-6417
-5157
4914
6267
3386
1284
-7004
-7059
939
3075
6422
5160
-4913
-6269
-3393
-1290
7006
7058
-935
-3074
-6423
-5162
4904
6260
3396
1295
-7005
-7061
931
3070
6428
5163
-4907
-6264
-3396
-1296
7004
7058
-928
-3069
-6428
-5166
4905
6262
3403
1300
-7007
-7060
929
3063
6426
5165
-4898
-6258
-3404
-1305
7000
7060
-921
-3063
-6430
-5174
4897
6260
3407
1306
-7004
-7064
917
3058
6433
5174
-4896
-6254
-3407
-1313
7001
7063
-916
-3057
-6433
-5171
4904
6260
3426
1314
-7006
-7061
913
3050
6433
5180
-4891
-6253
-3414
-1318
7002
7066
-912
-3048
-6435
-5177
4886
6248
3419
1322
-7004
-7067
903
3046
6438
5184
-4885
-6248
-3421
-1327
6998
7063
-899
-3042
-6443
-5187
4882
6247
3429
1329
-7001
-7066
898
3036
6444
5189
-4880
-6245
-3430
-1335
6998
7066
-893
-3036
-6443
-5191
4879
6248
3428
1331
-7001
-7067
892
3029
6444
5193
-4872
-6244
-3433
-1336
6997
7066
-889
-3028
-6442
-5192
4871
6236
3437
1343
-6994
-7072
881
3038
6445
5202
-4873
-6239
-3441
-1346
6996
7066
-876
-3018
-6448
-5202
4863
6240
3449
1352
-6999
-7072
873
3018
6448
5201
-4860
-6233
-3444
-1354
6992
7067
-870
-3014
-6456
-5202
4860
6236
3445
1354
-6997
-7071
873
3013
6455
5207
-4857
-6233
-3452
-1361
6994
7069
-863
-3015
-6456
-5208
4858
6227
3456
1361
-6990
-7072
862
3002
6458
5212
-4854
-6231
-3457
-1366
6993
7075
-858
-3003
-6458
-5215
4849
6224
3465
1372
-6989
-7076
852
3000
6460
5221
-4848
-6229
-3465
-1369
6994
7075
-847
-2992
-6463
-5220
4841
6223
3470
1378
-6990
-7076
848
3000
6461
5218
-4840
-6222
-3461
-1379
6987
7076
-845
-2986
-6461
-5226
4844
6217
3468
1378
-6990
-7073
849
2986
6463
5222
-4835
-6216
-3472
-1380
6990
7074
-836
-2988
-6468
-5227
4837
6220
3482
1389
-6988
-7074
834
2976
6470
5231
-4832
-6214
-3479
-1387
6982
7076
-829
-2978
-6472
-5234
4830
6209
3479
1397
-6981
-7076
833
2973
6472
5234
-4831
-6209
-3480
-1398
6981
7072
-828
-2970
-6476
-5239
4827
6210
3496
1406
-6988
-7080
816
2969
6477
5240
-4815
-6206
-3497
-1408
6979
7077
-815
-2960
-6476
-5245
4821
6207
3496
1407
-6980
-7072
815
2961
6476
5240
-4819
-6202
-3501
-1411
6983
7080
-814
-2959
-6477
-5248
4813
6201
3500
1417
-6974
-7078
807
2950
6477
5252
-4811
-6198
-3510
-1421
6979
7078
-802
-2949
-6479
-5251
4807
6193
3513
1430
-6976
-7080
796
2945
6478
5263
-4807
-6198
-3511
-1424
6978
7076
-794
-2946
-6487
-5258
4801
6198
3520
1437
-6976
-7082
794
2936
6491
5258
-4795
-6189
-3522
-1436
6976
7082
-789
-2936
-6491
-5265
4800
6190
3524
1435
-6978
-7079
789
2937
6490
5263
-4794
-6187
-3522
-1442
6976
7085
-786
-2934
-6490
-5268
4795
6183
3529
1444
-6973
-7085
779
2926
6501
5274
-4792
-6189
-3530
-1452
6972
7082
-781
-2926
-6492
-5275
4786
6173
3535
1459
-6970
-7085
771
2920
6504
5280
-4784
-6180
-3539
-1458
6968
7079
-765
-2917
-6501
-5281
4783
6183
3543
1462
-6977
-7085
764
2915
6499
5276
-4781
-6174
-3544
-1470
6970
7072
-772
-2910
-6497
-5282
4772
6176
3547
1459
-6971
-7081
763
2907
6502
5286
-4776
-6173
-3549
-1467
6966
7083
-753
-2907
-6500
-5283
4774
6172
3553
1470
-6970
-7082
759
2906
6501
5287
-4770
-6172
-3553
-1469
6968
7083
-755
-2904
-6503
-5293
4769
6168
3554
1477
-6962
-7086
748
2903
6512
5298
-4771
-6170
-3562
-1478
6964
7080
-745
-2886
-6506
-5300
4761
6169
3568
1485
-6970
-7084
739
2895
6512
5298
-4757
-6163
-3575
-1490
6968
7088
-736
-2888
-6511
-5300
4760
6155
3591
1489
-6963
-7082
734
2883
6511
5305
-4757
-6157
-3574
-1497
6962
7083
-729
-2883
-6510
-5300
4752
6158
3580
1497
-6964
-7084
725
2879
6514
5309
-4751
-6159
-3580
-1499
6966
7083
-727
-2880
-6513
-5309
4747
6154
3583
1507
-6963
-7090
724
2877
6522
5313
-4749
-6158
-3586
-1506
6960
7084
-715
-2872
-6516
-5316
4742
6157
3593
1510
-6962
-7092
714
2872
6521
5316
-4740
-6148
-3595
-1515
6955
7084
-705
-2866
-6525
-5314
4742
6149
3594
1519
-6958
-7090
707
2867
6528
5328
-4734
-6147
-3603
-1523
6959
7084
-705
-2859
-6525
-5320
4732
6142
3603
1529
-6957
-7090
698
2850
6523
5324
-4729
-6143
-3604
-1527
6959
7088
-698
-2852
-6529
-5330
4727
6141
3612
1535
-6952
-7089
691
2847
6530
5335
-4722
-6140
-3615
-1539
6956
7091
-685
-2839
-6532
-5336
4720
6136
3621
1544
-6956
-7090
680
2838
6530
5335
-4715
-6135
-3618
-1548
6953
7091
-678
-2838
-6533
-5341
4719
6134
3618
1547
-6949
-7086
673
2835
6532
5340
-4715
-6134
-3623
-1552
6948
7087
-671
-2833
-6534
-5341
4712
6131
3628
1555
-6949
-7092
667
2830
6535
5348
-4709
-6128
-3627
-1556
6948
7089
-664
-2822
-6539
-5346
4705
6128
3634
1565
-6946
-7093
662
2821
6539
5351
-4705
-6125
-3638
-1570
6948
7087
-656
-2817
-6545
-5351
4700
6127
3637
1569
-6948
-7092
653
2814
6541
5350
-4694
-6120
-3642
-1573
6943
7092
-656
-2811
-6543
-5354
4695
6119
3639
1576
-6942
-7089
647
2808
6546
5356
-4691
-6121
-3652
-1579
6948
7094
-644
-2805
-6543
-5360
4688
6111
3649
1584
-6940
-7090
639
2802
6548
5358
-4691
-6116
-3650
-1579
6943
7086
-639
-2799
-6545
-5359
4684
6117
3655
1586
-6944
-7096
639
2803
6552
5362
-4688
-6115
-3660
-1589
6941
7092
-633
-2794
-6550
-5370
4682
6113
3660
1592
-6943
-7093
627
2788
6549
5369
-4677
-6106
-3661
-1599
6935
7092
-621
-2789
-6552
-5370
4677
6105
3665
1597
-6939
-7093
619
2780
6556
5377
-4673
-6106
-3670
-1607
6940
7097
-618
-2782
-6560
-5380
4670
6105
3674
1614
-6942
-7095
609
2772
6559
5374
-4669
-6099
-3680
-1615
6940
7098
-607
-2769
-6557
-5385
4660
6098
3686
1620
-6941
-7097
604
2770
6564
5381
-4659
-6096
-3682
-1623
6933
7092
-600
-2767
-6567
-5391
4656
6096
3687
1624
-6938
-7102
603
2763
6563
5393
-4650
-6093
-3687
-1629
0
1588
1168
1152
1360
1616
1556
1040
1360
1256
1066
2026
1508
1312
1192
1462
1549
1160
1324
1152
1926
1384
1853
1154
1684
1493
1750
1280
1280
1370
1538
1065
1362
1394
1241
1035
1521
1254
1159
1125
1862
1868
1766
1190
1988
1262
1152
1640
1674
1796
1594
1062
1445
1661
1067
1566
1526
2031
1401
1746
1222
1667
1205
1970
1822
1944
1931
1205
2009
1086
2037
1192
1258
1980
1738
1058
1152
1203
1891
1098
1154
1556
1350
1597
1940
1620
1580
1980
1802
1563
1238
1352
1346
1558
1599
1594
1549
1533
1274
1428
1109
1794
1770
1562
1686
1417
2010
1352
1110
1462
1250
1342
1906
1387
1764
1515
1180
1254
1867
1279
1135
1901
1151
1429
1750
1359
1683
1565
1062
1355
1884
1473
1045
1156
1650
1583
1428
1357
1773
1525
1099
1162
1164
1212
1126
1064
1418
1494
1210
1723
1025
1706
1913
1303
1350
1795
1162
1640
1530
1184
1170
1896
1459
1828
1402
1641
1149
1327
2037
1537
1745
1998
1315
1188
1030
1989
1935
1354
1192
1398
1832
1912
1295
1774
1113
1416
1158
1563
1791
1425
1780
1599
1926
1825
1061
1049
1668
1069
1146
1862
1834
1812
1356
1764
1402
1258
1806
1296
1940
1280
1910
1954
1561
1260
1341
1160
1113
1315
1239
1145
1788
1447
1167
1534
1921
1620
1662
1134
1090
1034
1220
1973
1484
1481
1769
1588
1553
1102
1202
1305
1225
1025
1378
1241
1186
1508
1603
1113
1204
1458
1350
1729
1425
1422
1179
1805
1751
1954
1137
1451
1962
1800
1466
1508
1025
1768
1341
1267
1385
1803
1462
1810
1985
1172
1168
-6270
-3380
-1282
7007
7059
-949
-3088
-6423
-5154
4921
6270
3386
1281
-7007
-7055
947
3084
6419
5156
-4911
-6263
-3387
-1301
7009
7053
-944
-3080
-6417
-5157
4914
6267
3386
1284
-7004
-7059
939
3075
6422
5160
-4913
-6269
-3393
-1290
7006
7058
-935
-3074
-6423
-5162
4904
6260
3396
1295
-7005
-7061
931
3070
6428
5163
-4907
-6264
-3396
-1296
7004
7058
-928
-3069
-6428
-5166
4905
6262
3403
1300
-7007
-7060
929
3063
6426
5165
-4898
-6258
-3404
-1305
7000
7060
-921
-3063
-6430
-5174
4897
6260
3407
1306
-7004
-7064
917
3058
6433
5174
-4896
-6254
-3407
-1313
7001
7063
-916
-3057
-6433
-5171
4904
6260
3426
1314
-7006
-7061
913
3050
6433
5180
-4891
-6253
-3414
-1318
7002
7066
-912
-3048
-6435
-5177
4886
6248
3419
1322
-7004
-7067
903
3046
6438
5184
-4885
-6248
-3421
-1327
6998
7063
-899
-3042
-6443
-5187
4882
6247
3429
1329
-7001
-7066
898
3036
6444
5189
-4880
-6245
-3430
-1335
6998
7066
-893
-3036
-6443
-5191
4879
6248
3428
1331
-7001
-7067
892
3029
6444
5193
-4872
-6244
-3433
-1336
6997
7066
-889
-3028
-6442
-5192
4871
6236
3437
1343
-6994
-7072
881
3038
6445
5202
-4873
-6239
-3441
-1346
6996
7066
-876
-3018
-6448
-5202
4863
6240
3449
1352
-6999
-7072
873
3018
6448
5201
-4860
-6233
-3444
-1354
6992
7067
-870
-3014
-6456
-5202
4860
6236
3445
1354
-6997
-7071
873
3013
6455
5207
-4857
-6233
-3452
-1361
6994
7069
-863
-3015
-6456
-5208
4858
6227
3456
1361
-6990
-7072
862
3002
6458
5212
-4854
-6231
-3457
-1366
6993
7075
-858
-3003
-6458
-5215
4849
6224
3465
1372
-6989
-7076
852
3000
6460
5221
-4848
-6229
-3465
-1369
6994
7075
-847
-2992
-6463
-5220
4841
6223
3470
1378
-6990
-7076
848
3000
6461
5218
-4840
-6222
-3461
-1379
6987
7076
-845
-2986
-6461
-5226
4844
6217
3468
1378
-6990
-7073
849
2986
6463
5222
-4835
-6216
-3472
-1380
6990
7074
-836
-2988
-6468
-5227
4837
6220
3482
1389
-6988
-7074
834
2976
6470
5231
-4832
-6214
-3479
-1387
6982
7076
-829
-2978
-6472
-5234
4830
6209
3479
1397
-6981
-7076
833
2973
6472
5234
-4831
-6209
-3480
-1398
6981
7072
-828
-2970
-6476
-5239
4827
6210
3496
1406
-6988
-7080
816
2969
6477
5240
-4815
-6206
-3497
-1408
6979
7077
-815
-2960
-6476
-5245
4821
6207
3496
1407
-6980
-7072
815
2961
6476
5240
-4819
-6202
-3501
-1411
6983
7080
-814
-2959
-6477
-5248
4813
6201
3500
1417
-6974
-7078
807
2950
6477
5252
-4811
-6198
-3510
-1421
6979
7078
-802
-2949
-6479
-5251
4807
6193
3513
1430
-6976
-7080
796
2945
6478
5263
-4807
-6198
-3511
-1424
6978
7076
-794
-2946
-6487
-5258
4801
6198
3520
1437
-6976
-7082
794
2936
6491
5258
-4795
-6189
-3522
-1436
6976
7082
-789
-2936
-6491
-5265
4800
6190
3524
1435
-6978
-7079
789
2937
6490
5263
-4794
-6187
-3522
-1442
6976
7085
-786
-2934
-6490
-5268
4795
6183
3529
1444
-6973
-7085
779
2926
6501
5274
-4792
-6189
-3530
-1452
6972
7082
-781
-2926
-6492
-5275
4786
6173
3535
1459
-6970
-7085
771
2920
6504
5280
-4784
-6180
-3539
-1458
6968
7079
-765
-2917
-6501
-5281
4783
6183
3543
1462
-6977
-7085
764
2915
6499
5276
-4781
-6174
-3544
-1470
6970
7072
-772
-2910
-6497
-5282
4772
6176
3547
1459
-6971
-7081
763
2907
6502
5286
-4776
-6173
-3549
-1467
6966
7083
-753
-2907
-6500
-5283
4774
6172
3553
1470
-6970
-7082
759
2906
6501
5287
-4770
-6172
-3553
-1469
6968
7083
-755
-2904
-6503
-5293
4769
6168
3554
1477
-6962
-7086
748
2903
6512
5298
-4771
-6170
-3562
-1478
6964
7080
-745
-2886
-6506
-5300
4761
6169
3568
1485
-6970
-7084
739
2895
6512
5298
-4757
-6163
-3575
-1490
6968
7088
-736
-2888
-6511
-5300
4760
6155
3591
1489
-6963
-7082
734
2883
6511
5305
-4757
-6157
-3574
-1497
6962
7083
-729
-2883
-6510
-5300
4752
6158
3580
1497
-6964
-7084
725
2879
6514
5309
-4751
-6159
-3580
-1499
6966
7083
-727
-2880
-6513
-5309
4747
6154
3583
1507
-6963
-7090
724
2877
6522
5313
-4749
-6158
-3586
-1506
6960
7084
-715
-2872
-6516
-5316
4742
6157
3593
1510
-6962
-7092
714
2872
6521
5316
-4740
-6148
-3595
-1515
6955
7084
-705
-2866
-6525
-5314
4742
6149
3594
1519
-6958
-7090
707
2867
6528
5328
-4734
-6147
-3603
-1523
6959
7084
-705
-2859
-6525
-5320
4732
6142
3603
1529
-6957
-7090
698
2850
6523
5324
-4729
-6143
-3604
-1527
6959
7088
-698
-2852
-6529
-5330
4727
6141
3612
1535
-6952
-7089
691
2847
6530
5335
-4722
-6140
-3615
-1539
6956
7091
-685
-2839
-6532
-5336
4720
6136
3621
1544
-6956
-7090
680
2838
6530
5335
-4715
-6135
-3618
-1548
6953
7091
-678
-2838
-6533
-5341
4719
6134
3618
1547
-6949
-7086
673
2835
6532
5340
-4715
-6134
-3623
-1552
6948
7087
-671
-2833
-6534
-5341
4712
6131
3628
1555
-6949
-7092
667
2830
6535
5348
-4709
-6128
-3627
-1556
6948
7089
-664
-2822
-6539
-5346
4705
6128
3634
1565
-6946
-7093
662
2821
6539
5351
-4705
-6125
-3638
-1570
6948
7087
-656
-2817
-6545
-5351
4700
6127
3637
1569
-6948
-7092
653
2814
6541
5350
-4694
-6120
-3642
-1573
6943
7092
-656
-2811
-6543
-5354
4695
6119
3639
1576
-6942
-7089
647
2808
6546
5356
-4691
-6121
-3652
-1579
6948
7094
-644
-2805
-6543
-5360
4688
6111
3649
1584
-6940
-7090
639
2802
6548
5358
-4691
-6116
-3650
-1579
6943
7086
-639
-2799
-6545
-5359
4684
6117
3655
1586
-6944
-7096
639
2803
6552
5362
-4688
-6115
-3660
-1589
6941
7092
-633
-2794
-6550
-5370
4682
6113
3660
1592
-6943
-7093
627
2788
6549
5369
-4677
-6106
-3661
-1599
6935
7092
-621
-2789
-6552
-5370
4677
6105
3665
1597
-6939
-7093
619
2780
6556
5377
-4673
-6106
-3670
-1607
6940
7097
-618
-2782
-6560
-5380
4670
6105
3674
1614
-6942
-7095
609
2772
6559
5374
-4669
-6099
-3680
-1615
6940
7098
-607
-2769
-6557
-5385
4660
6098
3686
1620
-6941
-7097
604
2770
6564
5381
-4659
-6096
-3682
-1623
6933
7092
-600
-2767
-6567
-5391
4656
6096
3687
1624
-6938
-7102
603
2763
6563
5393
-4650
-6093
-3687
-1629
0
1588
1168
1152
1360
1616
1556
1040
1360
1256
1066
2026
1508
1312
1192
1462
1549
1160
1324
1152
1926
1384
1853
1154
1684
1493
1750
1280
1280
1370
1538
1065
1362
1394
1241
1035
1521
1254
1159
1125
1862
1868
1766
1190
1988
1262
1152
1640
1674
1796
1594
1062
1445
1661
1067
1566
1526
2031
1401
1746
1222
1667
1205
1970
1822
1944
1931
1205
2009
1086
2037
1192
1258
1980
1738
1058
1152
1203
1891
1098
1154
1556
1350
1597
1940
1620
1580
1980
1802
1563
1238
1352
1346
1558
1599
1594
1549
1533
1274
1428
1109
1794
1770
1562
1686
1417
2010
1352
1110
1462
1250
1342
1906
1387
1764
1515
1180
1254
1867
1279
1135
1901
1151
1429
1750
1359
1683
1565
1062
1355
1884
1473
1045
1156
1650
1583
1428
1357
1773
1525
1099
1162
1164
1212
1126
1064
1418
1494
1210
1723
1025
1706
1913
1303
1350
1795
1162
1640
1530
1184
1170
1896
1459
1828
1402
1641
1149
1327
2037
1537
1745
1998
1315
1188
1030
1989
1935
1354
1192
1398
1832
1912
1295
1774
1113
1416
1158
1563
1791
1425
1780
1599
1926
1825
1061
1049
1668
1069
1146
1862
1834
1812
1356
1764
1402
1258
1806
1296
1940
1280
1910
1954
1561
1260
1341
1160
1113
1315
1239
1145
1788
1447
1167
1534
1921
1620
1662
1134
1090
1034
1220
1973
1484
1481
1769
1588
1553
1102
1202
1305
1225
1025
1378
1241
1186
1508
1603
1113
1204
1458
1350
1729
1425
1422
1179
1805
1751
1954
1137
1451
1962
1800
1466
1508
1025
1768
1341
1267
1385
1803
1462
1810
1985
1172
1168
-5107
-4967
-3144
6384
7043
1022
-1208
-7017
-6302
3319
5100
4970
3151
-6383
-7050
-1029
1207
7023
6308
-3314
-5102
-4970
-3145
6375
7049
1027
-1205
-7022
-6310
3309
5100
4983
3161
-6388
-7050
-1028
1198
7022
6306
-3308
-5099
-4979
-3163
6387
7049
1036
-1195
-7026
-6313
3306
5095
4980
3161
-6383
-7046
-1036
1191
7022
6313
-3299
-5091
-4987
-3172
6380
7051
1041
-1188
-7025
-6311
3297
5086
4986
3177
-6378
-7046
-1053
1177
7024
6320
-3293
-5086
-4999
-3181
6378
7047
1053
-1175
-7025
-6317
3285
5078
4995
3183
-6373
-7046
-1059
1177
7026
6320
-3290
-5080
-4996
-3183
6372
7044
1055
-1171
-7023
-6324
3284
5077
4997
3190
-6376
-7043
-1059
1168
7024
6321
-3281
-5073
-5002
-3192
6367
7042
1067
-1161
-7027
-6319
3275
5070
5003
3192
-6367
-7038
-1069
1160
7022
6324
-3268
-5069
-5009
-3195
6369
7046
1069
-1160
-7023
-6321
3274
5067
5006
3198
-6369
-7041
-1081
1153
7028
6329
-3266
-5067
-5012
-3201
6367
7044
1080
-1150
-7030
-6328
3261
5058
5018
3213
-6362
-7045
-1088
1150
7032
6334
-3266
-5063
-5017
-3206
6362
7044
1080
-1144
-7026
-6335
3261
5061
5014
3214
-6363
-7043
-1089
1115
7046
6334
-3252
-5054
-5019
-3214
6359
7043
1095
-1133
-7036
-6339
3253
5050
5024
3217
-6355
-7033
-1094
1125
7032
6337
-3245
-5047
-5024
-3222
6357
7036
1099
-1130
-7030
-6336
3245
5049
5024
3222
-6357
-7038
-1107
1120
7036
6343
-3245
-5050
-5033
-3223
6352
7039
1106
-1121
-7028
-6344
3238
5040
5031
3231
-6353
-7035
-1107
1117
7036
6342
-3238
-5040
-5031
-3230
6348
7032
1113
-1112
-7037
-6342
3233
5035
5036
3237
-6343
-7033
-1116
1114
7033
6343
-3231
-5029
-5036
-3248
6339
7025
1119
-1105
-7035
-6351
3228
5035
5040
3239
-6343
-7033
-1121
1104
7036
6353
-3220
-5034
-5046
-3245
6345
7030
1130
-1098
-7038
-6351
3217
5023
5048
3251
-6332
-7030
-1136
1094
7038
6357
-3214
-5025
-5049
-3254
6337
7033
1135
-1091
-7042
-6358
3210
5019
5054
3255
-6339
-7031
-1137
1088
7039
6360
-3210
-5023
-5054
-3257
6336
7033
1143
-1084
-7041
-6358
3209
5014
5054
3258
-6332
-7030
-1141
1085
7039
6363
-3204
-5012
-5064
-3266
6333
7033
1147
-1076
-7042
-6364
3206
5013
5070
3267
-6333
-7032
-1154
1073
7042
6361
-3195
-5012
-5064
-3269
6330
7030
1153
-1074
-7040
-6364
3192
5006
5070
3273
-6325
-7031
-1164
1065
7046
6367
-3192
-5006
-5066
-3276
6321
7023
1162
-1064
-7041
-6371
3183
4996
5071
3280
-6329
-7029
-1164
1061
7044
6369
-3187
-5003
-5080
-3281
6323
7023
1173
-1057
-7046
-6373
3182
4997
5077
3284
-6321
-7026
-1174
1055
7039
6374
-3173
-4995
-5078
-3287
6318
7029
1173
-1048
-7048
-6378
3178
4988
5075
3289
-6313
-7023
-1182
1044
7046
6376
-3169
-4989
-5089
-3294
6319
7029
1177
-1045
-7047
-6378
3170
4985
5085
3299
-6313
-7021
-1184
1042
7049
6380
-3173
-4984
-5087
-3297
6313
7030
1188
-1037
-7049
-6383
3163
4983
5092
3302
-6318
-7027
-1191
1033
7053
6383
-3167
-4981
-5094
-3305
6310
7019
1199
-1028
-7050
-6385
3157
4974
5097
3303
-6306
-7017
-1200
1027
7047
6390
-3151
-4970
-5097
-3313
6303
7020
1203
-1023
-7048
-6391
3150
4970
5101
3314
-6304
-7018
-1206
1016
7053
6389
-3144
-4970
-5106
-3311
6304
7033
1216
-1023
-7052
-6389
3145
4963
5106
3325
-6299
-7024
-1211
1017
7055
6392
-3141
-4968
-5104
-3322
6299
7018
1216
-1008
-7046
-6397
3135
4956
5109
3328
-6296
-7020
-1218
1011
7051
6398
-3138
-4955
-5115
-3333
6293
7014
1228
-1001
-7053
-6403
3129
4959
5119
3335
-6294
-7015
-1228
996
7051
6401
-3124
-4947
-5119
-3341
6288
7013
1233
-992
-7051
-6400
3123
4951
5124
3343
-6289
-7011
-1235
989
7057
6406
-3120
-4946
-5127
-3346
6286
7015
1236
-989
-7056
-6402
3119
4943
5124
3347
-6287
-7014
-1241
987
7055
6410
-3119
-4944
-5131
-3348
6284
7010
1247
-979
-7055
-6406
3113
4938
5133
3355
-6287
-7009
-1248
982
7056
6408
-3110
-4936
-5135
-3352
6279
7009
1255
-974
-7055
-6411
3106
4936
5140
3357
-6279
-7010
-1255
971
7055
6416
-3101
-4931
-5143
-3362
6276
7012
1261
-969
-7052
-6412
3104
4933
5135
3361
-6278
-7006
-1259
973
7054
6410
-3101
-4935
-5142
-3366
6282
7009
1260
-965
-7056
-6413
3095
4931
5144
3368
-6276
-7008
-1269
952
7057
6408
-3094
-4919
-5145
-3370
6270
7010
1270
-959
-7060
-6417
3089
4918
5151
3374
-6273
-7006
-1274
957
7060
6416
-3089
-4920
-5149
-3380
6266
7006
1282
-950
-7065
-6427
3081
4920
5156
3386
-6267
-7004
-1278
949
7059
6430
-3077
-4913
-5165
-3387
6267
7005
1285
-941
-7059
-6428
3076
4907
5163
3394
-6262
-7002
-1294
934
7064
6432
-3074
-4908
-5168
-3391
6263
7004
1291
-935
-7061
-6430
3070
4910
5167
3402
-6261
-7008
-1298
931
7063
6438
-3069
-4905
-5166
-3402
6256
6994
1292
-922
-7063
-6434
3063
4905
5173
3406
-6260
-7001
-1304
926
7065
6437
-3062
-4901
-5175
-3408
6255
7003
1308
-920
-7069
-6437
3061
4899
5177
3414
-6255
-7000
-1312
912
7065
6443
-3052
-4893
-5183
-3419
6249
6998
1316
-907
-7065
-6439
3049
4892
5181
3423
-6249
-7000
-1323
905
7069
6443
-3050
-4890
-5185
-3417
6250
6997
1323
-905
-7060
-6438
3041
4882
5184
3428
-6247
-6998
-1325
905
7064
6445
-3048
-4885
-5186
-3425
6242
6993
1327
-898
-7064
-6444
3040
4877
5198
3426
-6243
-6994
-1331
898
7063
6444
-3037
-4876
-5192
-3433
6239
6996
1339
-888
-7072
-6446
3035
4876
5199
3435
-6242
-6993
-1337
887
7064
6449
-3028
-4871
-5199
-3436
6239
6995
1342
-883
-7067
-6447
3029
4874
5195
3443
-6235
-6988
-1345
882
7064
6454
-3024
-4871
-5203
-3443
6236
6990
1349
-873
-7065
-6452
3014
4867
5207
3450
-6229
-6994
-1359
875
7069
6456
-3021
-4865
-5210
-3447
6233
6988
1353
-870
-7066
-6453
3011
4857
5210
3451
-6229
-6989
-1357
869
7067
6456
-3012
-4860
-5208
-3456
6228
6992
1364
-863
-7071
-6457
3011
4859
5215
3456
-6232
-6989
-1364
858
7067
6463
-3004
-4855
-5215
-3462
6226
6986
1367
-854
-7062
-6456
2997
4851
5215
3464
-6223
-6983
-1379
851
7072
6460
-2998
-4849
-5217
-3467
0
1588
1168
1152
1360
1616
1556
1040
1360
1256
1066
2026
1508
1312
1192
1462
1549
1160
1324
1152
1926
1384
1853
1154
1684
1493
1750
1280
1280
1370
1538
1065
1362
1394
1241
1035
1521
1254
1159
1125
1862
1868
1766
1190
1988
1262
1152
1640
1674
1796
1594
1062
1445
1661
1067
1566
1526
2031
1401
1746
1222
1667
1205
1970
1822
1944
1931
1205
2009
1086
2037
1192
1258
1980
1738
1058
1152
1203
1891
1098
1154
1556
1350
1597
1940
1620
1580
1980
1802
1563
1238
1352
1346
1558
1599
1594
1549
1533
1274
1428
1109
1794
1770
1562
1686
1417
2010
1352
1110
1462
1250
1342
1906
1387
1764
1515
1180
1254
1867
1279
1135
1901
1151
1429
1750
1359
1683
1565
1062
1355
1884
1473
1045
1156
1650
1583
1428
1357
1773
1525
1099
1162
1164
1212
1126
1064
1418
1494
1210
1723
1025
1706
1913
1303
1350
1795
1162
1640
1530
1184
1170
1896
1459
1828
1402
1641
1149
1327
2037
1537
1745
1998
1315
1188
1030
1989
1935
1354
1192
1398
1832
1912
1295
1774
1113
1416
1158
1563
1791
1425
1780
1599
1926
1825
1061
1049
1668
1069
1146
1862
1834
1812
1356
1764
1402
1258
1806
1296
1940
1280
1910
1954
1561
1260
1341
1160
1113
1315
1239
1145
1788
1447
1167
1534
1921
1620
1662
1134
1090
1034
1220
1973
1484
1481
1769
1588
1553
1102
1202
1305
1225
1025
1378
1241
1186
1508
1603
1113
1204
1458
1350
1729
1425
1422
1179
1805
1751
1954
1137
1451
1962
1800
1466
1508
1025
1768
1341
1267
1385
1803
1462
1810
1985
1172
1168
