1651 2 2000 1 512 0
-6514
-2922
-7125
-318
-6749
2326
-5415
4651
-3328
6309
-775
7096
1899
6882
4295
5702
6094
3719
7035
1217
6989
-1461
5959
-3930
4096
-5845
1658
-6940
-1014
-7072
-3547
-6200
-5573
-4453
-6821
-2093
-7118
566
-6407
3145
-4800
5283
-2525
6670
114
7136
2728
6589
4962
5127
6504
2943
7125
338
6750
-2309
5429
-4628
3348
-6298
789
-7093
-1877
-6880
-4281
-5712
-6082
-3734
-7027
-1240
-6992
1438
-5971
3909
-4114
5829
-1676
6940
993
7067
3525
6207
5560
4473
6816
2110
7115
-544
6415
-3128
4816
-5263
2541
-6668
-93
-7136
-2711
-6601
-4953
-5143
-6498
-2956
-7127
-363
-6764
2290
-5444
4616
-3367
6295
-812
7092
1859
6888
4261
5729
6075
3753
7023
1256
6998
-1419
5982
-3890
4131
-5822
1696
-6933
-976
-7070
-3504
-6215
-5552
-4488
-6810
-2133
-7114
521
-6422
3106
-4831
5250
-2561
6660
73
7130
2690
6612
4937
5156
6485
2974
7127
386
6766
-2272
5458
-4595
3379
-6290
831
-7093
-1837
-6896
-4247
-5737
-6060
-3765
-7026
-1278
-6997
1407
-5986
3874
-4148
5812
-1714
6925
949
7071
3493
6227
5535
4502
6806
2152
7123
-500
6433
-3088
4853
-5238
2580
-6655
-47
-7129
-2670
-6622
-4918
-5171
-6472
-3000
-7125
-403
-6773
2245
-5476
4584
-3400
6276
-853
7085
1821
6907
4231
5750
6049
3789
7025
1299
7002
-1383
6006
-3859
4164
-5803
1735
-6920
-931
-7079
-3473
-6237
-5519
-4520
-6802
-2172
-7120
486
-6444
3068
-4865
5227
-2593
6652
30
7137
2660
6625
4905
5179
6470
3016
7126
418
6779
-2235
5481
-4571
3409
-6265
870
-7087
-1804
-6910
-4214
-5756
-6039
-3801
-7015
-1309
-7005
1365
-6020
3846
-4175
5793
-1749
6913
912
7077
3459
6242
5497
4535
6784
2188
7125
-464
6446
-3054
4877
-5213
2618
-6640
-6
-7141
-2641
-6637
-4891
-5195
-6462
-3032
-7123
-443
-6783
2210
-5498
4555
-3431
6254
-890
7087
1781
6912
4198
5770
6027
3820
7012
1333
7006
-1339
6023
-3826
4194
-5774
1772
-6909
-893
-7082
-3440
-6255
-5500
-4554
-6788
-2205
-7122
446
-6458
3033
-4886
5199
-2634
6639
-5
7135
2622
6636
4878
5203
6453
3047
7125
452
6793
-2199
5506
-4548
3445
-6245
903
-7079
-1763
-6910
-4186
-5777
-6021
-3835
-7010
-1346
-7014
1336
-6034
3812
-4205
5761
-1791
6908
879
7085
3422
6258
5486
4567
6782
2219
7124
-427
6469
-3020
4903
-5186
2652
-6629
26
-7136
-2604
-6644
-4867
-5224
-6445
-3068
-7124
-479
-6801
2177
-5521
4524
-3470
6237
-928
7084
1743
6922
4163
5793
6002
3849
7005
1376
7020
-1299
6044
-3789
4228
-5749
1816
-6902
-851
-7088
-3398
-6277
-5470
-4588
-6770
-2250
-7128
397
-6480
2996
-4919
5162
-2677
6618
-52
7134
2580
6650
4851
5236
6439
3088
7122
503
6808
-2161
5529
-4507
3484
-6226
949
-7076
-1722
-6925
-4147
-5808
-5993
-3870
-6996
-1393
-7022
1282
-6054
3774
-4243
5743
-1833
6897
830
7085
3382
6283
5465
4596
6768
2266
7130
-383
6488
-2984
4938
-5155
2690
-6613
66
-7134
-2559
-6659
-4835
-5249
-6429
-3101
-7121
-521
-6815
2138
-5545
4493
-3498
6218
-966
7074
1704
6930
4140
5821
5984
3887
6996
1416
7023
-1263
6066
-3751
4263
-5726
1854
-6894
-808
-7091
-3361
-6295
-5441
-4615
-6763
-2289
-7128
359
-6494
2958
-4957
5140
-2712
6606
-92
7134
2548
6674
4824
5262
6420
3123
7121
534
6815
-2124
5560
-4478
3519
-6211
987
-7071
-1679
-6934
-4117
-5828
-5971
-3904
-6989
-1437
-7026
1242
-6079
3735
-4277
5714
-1876
6882
791
7094
3346
6303
5433
4633
6756
2307
7133
-344
6505
-2944
4973
-5129
2730
-6603
114
-7137
-2526
-6677
-4805
-5273
-6410
-3143
-7111
-558
-6821
2096
-5573
4463
-3530
6196
-1000
7067
1666
6944
4104
5839
5965
3918
6995
1449
7029
-1228
6090
-3722
4291
-5704
1893
-6882
-773
-7098
-3333
-6315
-5425
-4644
-6749
-2328
-7132
322
-6509
2925
-4981
5116
-2746
6587
-122
7137
2510
6685
4789
5289
6403
3156
7114
575
6828
-2080
5582
-4451
3558
-6190
1026
-7063
-1638
-6947
-4080
-5850
-5945
-3939
-6980
-1474
-7032
1198
-6099
3702
-4305
5687
-1916
6872
753
7106
3310
6316
5411
4660
6745
2341
7126
-304
6524
-2910
4996
-5105
2764
-6581
147
-7140
-2490
-6687
-4773
-5301
-6396
-3174
-7106
-593
-6830
2058
-5587
4433
-3569
6173
-1044
7061
1625
6946
4075
5862
5943
3952
6978
1487
7040
-1187
6113
-3694
4319
-5683
1927
-6875
-737
-7103
-3295
-6332
-5401
-4676
-6739
-2356
-7132
284
-6524
2893
-5007
5090
-2778
6579
-163
7132
2478
6691
4762
5315
6387
3187
7107
611
6843
-2048
5605
-4420
3588
-6170
1064
-7066
-1605
-6953
-4055
-5876
-5935
-3969
-6976
-1513
-7044
1164
-6120
3673
-4337
5665
-1953
6866
718
7097
3276
6345
5384
4690
6723
2378
7135
-264
6537
-2873
5020
-5072
2802
-6573
186
-7135
-2453
-6700
-4749
-5328
-6374
-3205
-7110
-639
-6859
2014
-5611
4402
-3606
6156
-1081
7050
1588
6954
4035
5885
5915
3980
6974
1529
7044
-1145
6127
-3656
4354
-5658
1970
-6863
-702
-7104
-3263
-6347
-5374
-4704
-6717
-2393
-7134
249
-6537
2860
-5034
5061
-2815
6560
-202
7135
2436
6708
4736
5337
6359
3219
7105
657
6845
-2005
5625
-4383
3622
-6151
1103
-7050
-1564
-6961
-4021
-5900
-5906
-4004
-6970
-1551
-7047
1127
-6141
3639
-4367
5643
-1987
6857
679
7106
3245
6356
5357
4716
6719
2415
7131
-227
6545
-2839
5040
-5041
2832
-6546
223
-7132
-2413
-6718
-4717
-5354
-6358
-3245
-7101
-673
-6853
1988
-5644
4364
-3642
6143
-1127
7048
1547
6970
4006
5907
5895
4021
6962
1569
7052
-1105
6153
-3623
4385
-5634
2007
-6850
-658
-7108
-3230
-6367
-5345
-4732
-6714
-2434
-7138
204
-6557
2816
-5057
5030
-2853
6541
-249
7129
2400
6719
4696
5365
6347
3264
7102
696
6860
-1965
5655
-4351
3657
-6129
1148
-7048
-1525
-6974
-3988
-5919
-5881
-4040
-6961
-1587
-7051
1084
-6164
3603
-4399
5617
-2030
6840
629
7108
3212
6375
5329
4749
6702
2454
7133
-190
6566
-2794
5076
-5015
2870
-6534
274
-7133
-2379
-6728
-4686
-5381
-6337
-3280
-7101
-719
-6866
1944
-5670
4337
-3676
6121
-1166
7043
1509
6979
3971
5939
5875
4059
6955
1607
7060
-1064
6177
0
1588
1168
1152
1360
1616
1556
1040
1360
1256
1066
2026
1508
1312
1192
1462
1549
1160
1324
1152
1926
1384
1853
1154
1684
1493
1750
1280
1280
1370
1538
1065
1362
1394
1241
1035
1521
1254
1159
1125
1862
1868
1766
1190
1988
1262
1152
1640
1674
1796
1594
1062
1445
1661
1067
1566
1526
2031
1401
1746
1222
1667
1205
1970
1822
1944
1931
1205
2009
1086
2037
1192
1258
1980
1738
1058
1152
1203
1891
1098
1154
1556
1350
1597
1940
1620
1580
1980
1802
1563
1238
1352
1346
1558
1599
1594
1549
1533
1274
1428
1109
1794
1770
1562
1686
1417
2010
1352
1110
1462
1250
1342
1906
1387
1764
1515
1180
1254
1867
1279
1135
1901
1151
1429
1750
1359
1683
1565
1062
1355
1884
1473
1045
1156
1650
1583
1428
1357
1773
1525
1099
1162
1164
1212
1126
1064
1418
1494
1210
1723
1025
1706
1913
1303
1350
1795
1162
1640
1530
1184
1170
1896
1459
1828
1402
1641
1149
1327
2037
1537
1745
1998
1315
1188
1030
1989
1935
1354
1192
1398
1832
1912
1295
1774
1113
1416
1158
1563
1791
1425
1780
1599
1926
1825
1061
1049
1668
1069
1146
1862
1834
1812
1356
1764
1402
1258
1806
1296
1940
1280
1910
1954
1561
1260
1341
1160
1113
1315
1239
1145
1788
1447
1167
1534
1921
1620
1662
1134
1090
1034
1220
1973
1484
1481
1769
1588
1553
1102
1202
1305
1225
1025
1378
1241
1186
1508
1603
1113
1204
1458
1350
1729
1425
1422
1179
1805
1751
1954
1137
1451
1962
1800
1466
1508
1025
1768
1341
1267
1385
1803
1462
1810
1985
1172
1168
-6514
-2922
-7125
-318
-6749
2326
-5415
4651
-3328
6309
-775
7096
1899
6882
4295
5702
6094
3719
7035
1217
6989
-1461
5959
-3930
4096
-5845
1658
-6940
-1014
-7072
-3547
-6200
-5573
-4453
-6821
-2093
-7118
566
-6407
3145
-4800
5283
-2525
6670
114
7136
2728
6589
4962
5127
6504
2943
7125
338
6750
-2309
5429
-4628
3348
-6298
789
-7093
-1877
-6880
-4281
-5712
-6082
-3734
-7027
-1240
-6992
1438
-5971
3909
-4114
5829
-1676
6940
993
7067
3525
6207
5560
4473
6816
2110
7115
-544
6415
-3128
4816
-5263
2541
-6668
-93
-7136
-2711
-6601
-4953
-5143
-6498
-2956
-7127
-363
-6764
2290
-5444
4616
-3367
6295
-812
7092
1859
6888
4261
5729
6075
3753
7023
1256
6998
-1419
5982
-3890
4131
-5822
1696
-6933
-976
-7070
-3504
-6215
-5552
-4488
-6810
-2133
-7114
521
-6422
3106
-4831
5250
-2561
6660
73
7130
2690
6612
4937
5156
6485
2974
7127
386
6766
-2272
5458
-4595
3379
-6290
831
-7093
-1837
-6896
-4247
-5737
-6060
-3765
-7026
-1278
-6997
1407
-5986
3874
-4148
5812
-1714
6925
949
7071
3493
6227
5535
4502
6806
2152
7123
-500
6433
-3088
4853
-5238
2580
-6655
-47
-7129
-2670
-6622
-4918
-5171
-6472
-3000
-7125
-403
-6773
2245
-5476
4584
-3400
6276
-853
7085
1821
6907
4231
5750
6049
3789
7025
1299
7002
-1383
6006
-3859
4164
-5803
1735
-6920
-931
-7079
-3473
-6237
-5519
-4520
-6802
-2172
-7120
486
-6444
3068
-4865
5227
-2593
6652
30
7137
2660
6625
4905
5179
6470
3016
7126
418
6779
-2235
5481
-4571
3409
-6265
870
-7087
-1804
-6910
-4214
-5756
-6039
-3801
-7015
-1309
-7005
1365
-6020
3846
-4175
5793
-1749
6913
912
7077
3459
6242
5497
4535
6784
2188
7125
-464
6446
-3054
4877
-5213
2618
-6640
-6
-7141
-2641
-6637
-4891
-5195
-6462
-3032
-7123
-443
-6783
2210
-5498
4555
-3431
6254
-890
7087
1781
6912
4198
5770
6027
3820
7012
1333
7006
-1339
6023
-3826
4194
-5774
1772
-6909
-893
-7082
-3440
-6255
-5500
-4554
-6788
-2205
-7122
446
-6458
3033
-4886
5199
-2634
6639
-5
7135
2622
6636
4878
5203
6453
3047
7125
452
6793
-2199
5506
-4548
3445
-6245
903
-7079
-1763
-6910
-4186
-5777
-6021
-3835
-7010
-1346
-7014
1336
-6034
3812
-4205
5761
-1791
6908
879
7085
3422
6258
5486
4567
6782
2219
7124
-427
6469
-3020
4903
-5186
2652
-6629
26
-7136
-2604
-6644
-4867
-5224
-6445
-3068
-7124
-479
-6801
2177
-5521
4524
-3470
6237
-928
7084
1743
6922
4163
5793
6002
3849
7005
1376
7020
-1299
6044
-3789
4228
-5749
1816
-6902
-851
-7088
-3398
-6277
-5470
-4588
-6770
-2250
-7128
397
-6480
2996
-4919
5162
-2677
6618
-52
7134
2580
6650
4851
5236
6439
3088
7122
503
6808
-2161
5529
-4507
3484
-6226
949
-7076
-1722
-6925
-4147
-5808
-5993
-3870
-6996
-1393
-7022
1282
-6054
3774
-4243
5743
-1833
6897
830
7085
3382
6283
5465
4596
6768
2266
7130
-383
6488
-2984
4938
-5155
2690
-6613
66
-7134
-2559
-6659
-4835
-5249
-6429
-3101
-7121
-521
-6815
2138
-5545
4493
-3498
6218
-966
7074
1704
6930
4140
5821
5984
3887
6996
1416
7023
-1263
6066
-3751
4263
-5726
1854
-6894
-808
-7091
-3361
-6295
-5441
-4615
-6763
-2289
-7128
359
-6494
2958
-4957
5140
-2712
6606
-92
7134
2548
6674
4824
5262
6420
3123
7121
534
6815
-2124
5560
-4478
3519
-6211
987
-7071
-1679
-6934
-4117
-5828
-5971
-3904
-6989
-1437
-7026
1242
-6079
3735
-4277
5714
-1876
6882
791
7094
3346
6303
5433
4633
6756
2307
7133
-344
6505
-2944
4973
-5129
2730
-6603
114
-7137
-2526
-6677
-4805
-5273
-6410
-3143
-7111
-558
-6821
2096
-5573
4463
-3530
6196
-1000
7067
1666
6944
4104
5839
5965
3918
6995
1449
7029
-1228
6090
-3722
4291
-5704
1893
-6882
-773
-7098
-3333
-6315
-5425
-4644
-6749
-2328
-7132
322
-6509
2925
-4981
5116
-2746
6587
-122
7137
2510
6685
4789
5289
6403
3156
7114
575
6828
-2080
5582
-4451
3558
-6190
1026
-7063
-1638
-6947
-4080
-5850
-5945
-3939
-6980
-1474
-7032
1198
-6099
3702
-4305
5687
-1916
6872
753
7106
3310
6316
5411
4660
6745
2341
7126
-304
6524
-2910
4996
-5105
2764
-6581
147
-7140
-2490
-6687
-4773
-5301
-6396
-3174
-7106
-593
-6830
2058
-5587
4433
-3569
6173
-1044
7061
1625
6946
4075
5862
5943
3952
6978
1487
7040
-1187
6113
-3694
4319
-5683
1927
-6875
-737
-7103
-3295
-6332
-5401
-4676
-6739
-2356
-7132
284
-6524
2893
-5007
5090
-2778
6579
-163
7132
2478
6691
4762
5315
6387
3187
7107
611
6843
-2048
5605
-4420
3588
-6170
1064
-7066
-1605
-6953
-4055
-5876
-5935
-3969
-6976
-1513
-7044
1164
-6120
3673
-4337
5665
-1953
6866
718
7097
3276
6345
5384
4690
6723
2378
7135
-264
6537
-2873
5020
-5072
2802
-6573
186
-7135
-2453
-6700
-4749
-5328
-6374
-3205
-7110
-639
-6859
2014
-5611
4402
-3606
6156
-1081
7050
1588
6954
4035
5885
5915
3980
6974
1529
7044
-1145
6127
-3656
4354
-5658
1970
-6863
-702
-7104
-3263
-6347
-5374
-4704
-6717
-2393
-7134
249
-6537
2860
-5034
5061
-2815
6560
-202
7135
2436
6708
4736
5337
6359
3219
7105
657
6845
-2005
5625
-4383
3622
-6151
1103
-7050
-1564
-6961
-4021
-5900
-5906
-4004
-6970
-1551
-7047
1127
-6141
3639
-4367
5643
-1987
6857
679
7106
3245
6356
5357
4716
6719
2415
7131
-227
6545
-2839
5040
-5041
2832
-6546
223
-7132
-2413
-6718
-4717
-5354
-6358
-3245
-7101
-673
-6853
1988
-5644
4364
-3642
6143
-1127
7048
1547
6970
4006
5907
5895
4021
6962
1569
7052
-1105
6153
-3623
4385
-5634
2007
-6850
-658
-7108
-3230
-6367
-5345
-4732
-6714
-2434
-7138
204
-6557
2816
-5057
5030
-2853
6541
-249
7129
2400
6719
4696
5365
6347
3264
7102
696
6860
-1965
5655
-4351
3657
-6129
1148
-7048
-1525
-6974
-3988
-5919
-5881
-4040
-6961
-1587
-7051
1084
-6164
3603
-4399
5617
-2030
6840
629
7108
3212
6375
5329
4749
6702
2454
7133
-190
6566
-2794
5076
-5015
2870
-6534
274
-7133
-2379
-6728
-4686
-5381
-6337
-3280
-7101
-719
-6866
1944
-5670
4337
-3676
6121
-1166
7043
1509
6979
3971
5939
5875
4059
6955
1607
7060
-1064
6177
0
1588
1168
1152
1360
1616
1556
1040
1360
1256
1066
2026
1508
1312
1192
1462
1549
1160
1324
1152
1926
1384
1853
1154
1684
1493
1750
1280
1280
1370
1538
1065
1362
1394
1241
1035
1521
1254
1159
1125
1862
1868
1766
1190
1988
1262
1152
1640
1674
1796
1594
1062
1445
1661
1067
1566
1526
2031
1401
1746
1222
1667
1205
1970
1822
1944
1931
1205
2009
1086
2037
1192
1258
1980
1738
1058
1152
1203
1891
1098
1154
1556
1350
1597
1940
1620
1580
1980
1802
1563
1238
1352
1346
1558
1599
1594
1549
1533
1274
1428
1109
1794
1770
1562
1686
1417
2010
1352
1110
1462
1250
1342
1906
1387
1764
1515
1180
1254
1867
1279
1135
1901
1151
1429
1750
1359
1683
1565
1062
1355
1884
1473
1045
1156
1650
1583
1428
1357
1773
1525
1099
1162
1164
1212
1126
1064
1418
1494
1210
1723
1025
1706
1913
1303
1350
1795
1162
1640
1530
1184
1170
1896
1459
1828
1402
1641
1149
1327
2037
1537
1745
1998
1315
1188
1030
1989
1935
1354
1192
1398
1832
1912
1295
1774
1113
1416
1158
1563
1791
1425
1780
1599
1926
1825
1061
1049
1668
1069
1146
1862
1834
1812
1356
1764
1402
1258
1806
1296
1940
1280
1910
1954
1561
1260
1341
1160
1113
1315
1239
1145
1788
1447
1167
1534
1921
1620
1662
1134
1090
1034
1220
1973
1484
1481
1769
1588
1553
1102
1202
1305
1225
1025
1378
1241
1186
1508
1603
1113
1204
1458
1350
1729
1425
1422
1179
1805
1751
1954
1137
1451
1962
1800
1466
1508
1025
1768
1341
1267
1385
1803
1462
1810
1985
1172
1168
31
-7132
36
-7133
38
-7140
29
-7136
34
-7137
31
-7139
34
-7134
37
-7138
33
-7132
39
-7135
36
-7135
50
-7140
40
-7139
38
-7141
40
-7142
38
-7135
41
-7139
39
-7139
44
-7138
41
-7131
49
-7132
46
-7135
46
-7133
47
-7134
45
-7139
49
-7135
45
-7140
50
-7133
48
-7133
50
-7136
54
-7135
51
-7131
54
-7133
56
-7138
57
-7135
60
-7137
57
-7131
64
-7136
60
-7131
66
-7130
63
-7136
65
-7139
65
-7141
65
-7137
67
-7137
62
-7137
67
-7133
66
-7135
65
-7131
70
-7138
72
-7139
79
-7134
73
-7138
77
-7138
72
-7147
72
-7142
76
-7136
71
-7132
78
-7136
79
-7138
79
-7133
78
-7139
75
-7133
82
-7141
74
-7134
82
-7138
81
-7136
86
-7134
85
-7138
87
-7133
89
-7136
86
-7136
90
-7139
91
-7145
87
-7131
95
-7133
90
-7133
96
-7139
93
-7137
97
-7135
95
-7138
97
-7135
95
-7145
100
-7138
100
-7138
98
-7135
99
-7138
106
-7137
104
-7133
108
-7139
103
-7139
109
-7137
106
-7135
103
-7131
105
-7134
103
-7131
108
-7132
106
-7134
114
-7143
110
-7132
114
-7139
113
-7135
113
-7133
118
-7135
111
-7136
117
-7135
120
-7139
119
-7137
123
-7136
121
-7132
127
-7134
122
-7132
122
-7131
122
-7140
121
-7134
124
-7132
122
-7132
125
-7136
125
-7139
134
-7135
128
-7137
135
-7138
129
-7142
131
-7136
129
-7133
136
-7139
135
-7133
134
-7137
133
-7133
135
-7138
134
-7133
136
-7130
138
-7139
138
-7132
133
-7133
139
-7133
139
-7140
147
-7137
148
-7135
142
-7135
143
-7134
146
-7140
148
-7131
145
-7133
137
-7134
145
-7135
144
-7131
144
-7134
147
-7132
147
-7135
153
-7142
150
-7140
151
-7131
148
-7141
153
-7134
154
-7134
153
-7126
155
-7135
157
-7139
159
-7137
153
-7138
155
-7134
154
-7132
151
-7134
156
-7137
157
-7138
164
-7133
161
-7136
169
-7130
165
-7132
168
-7134
169
-7138
160
-7139
167
-7135
167
-7133
172
-7128
170
-7135
175
-7141
173
-7135
173
-7132
176
-7132
175
-7136
173
-7137
176
-7135
174
-7127
182
-7128
181
-7133
183
-7131
186
-7135
187
-7130
184
-7138
184
-7130
187
-7135
186
-7134
184
-7133
187
-7132
187
-7136
192
-7133
182
-7132
190
-7137
186
-7140
194
-7140
188
-7139
192
-7128
196
-7137
191
-7133
200
-7132
195
-7135
194
-7133
200
-7136
196
-7133
198
-7134
192
-7132
199
-7135
201
-7135
204
-7130
201
-7136
202
-7133
208
-7135
201
-7137
207
-7131
206
-7132
207
-7131
210
-7129
208
-7126
212
-7138
212
-7139
216
-7132
219
-7142
216
-7135
204
-7142
209
-7134
212
-7136
211
-7137
210
-7131
218
-7132
217
-7130
223
-7140
218
-7138
223
-7135
216
-7137
226
-7134
218
-7137
224
-7129
222
-7132
223
-7137
226
-7136
222
-7134
224
-7132
224
-7138
228
-7131
231
-7131
227
-7129
236
-7127
231
-7136
238
-7132
231
-7132
237
-7139
235
-7132
234
-7134
233
-7133
233
-7132
234
-7132
235
-7136
235
-7127
242
-7131
236
-7129
242
-7138
243
-7137
246
-7137
247
-7132
244
-7126
251
-7134
248
-7133
252
-7135
251
-7130
247
-7134
253
-7138
248
-7135
248
-7140
246
-7139
248
-7130
252
-7131
255
-7138
251
-7132
255
-7139
257
-7135
259
-7135
259
-7131
262
-7132
261
-7129
260
-7128
259
-7130
265
-7132
261
-7132
265
-7128
263
-7133
265
-7130
265
-7135
261
-7131
268
-7134
268
-7135
270
-7132
276
-7135
276
-7130
278
-7137
276
-7135
278
-7138
275
-7132
281
-7133
279
-7133
280
-7127
279
-7130
278
-7130
284
-7128
284
-7138
281
-7130
282
-7136
281
-7131
285
-7131
282
-7127
285
-7123
283
-7128
291
-7135
286
-7136
289
-7133
291
-7133
286
-7135
289
-7129
286
-7133
286
-7131
287
-7130
288
-7127
297
-7130
295
-7131
300
-7132
295
-7132
299
-7130
294
-7132
296
-7131
297
-7125
298
-7130
303
-7132
302
-7132
299
-7127
301
-7130
301
-7132
305
-7130
300
-7130
307
-7134
304
-7127
306
-7127
311
-7131
310
-7128
315
-7135
312
-7137
315
-7131
310
-7130
315
-7128
314
-7133
307
-7127
315
-7128
311
-7130
314
-7135
315
-7131
319
-7132
314
-7134
316
-7135
317
-7126
317
-7131
318
-7126
321
-7134
322
-7128
326
-7134
322
-7133
324
-7137
321
-7132
321
-7131
324
-7132
325
-7130
326
-7124
327
-7126
332
-7124
332
-7129
330
-7128
339
-7135
331
-7125
333
-7132
332
-7126
342
-7120
337
-7128
338
-7125
342
-7129
338
-7124
342
-7132
338
-7135
339
-7129
337
-7131
339
-7124
343
-7129
344
-7123
347
-7124
351
-7122
351
-7127
354
-7131
353
-7127
358
-7134
351
-7130
355
-7128
358
-7124
355
-7125
355
-7129
359
-7127
358
-7125
355
-7133
366
-7135
356
-7127
364
-7129
362
-7130
364
-7131
367
-7125
368
-7125
373
-7123
371
-7129
368
-7130
371
-7127
368
-7127
372
-7128
368
-7127
371
-7128
371
-7134
373
-7133
377
-7128
376
-7130
379
-7131
370
-7133
375
-7127
374
-7129
375
-7130
384
-7131
378
-7124
389
-7132
379
-7126
380
-7127
381
-7131
378
-7121
378
-7128
378
-7129
382
-7129
383
-7125
389
-7125
387
-7130
389
-7124
392
-7125
388
-7127
387
-7130
389
-7129
389
-7127
394
-7129
395
-7126
397
-7127
394
-7126
396
-7128
393
-7127
394
-7127
395
-7127
397
-7128
398
-7123
397
-7124
402
-7125
400
-7127
406
-7129
408
-7129
405
-7125
405
-7129
403
-7129
408
-7129
407
-7121
404
-7118
409
-7125
410
-7123
412
-7126
412
-7123
416
-7127
415
-7123
414
-7123
419
-7124
413
-7125
431
-7117
435
-7118
418
-7119
424
-7128
420
-7129
422
-7128
418
-7128
421
-7126
420
-7125
424
-7125
420
-7125
426
-7120
430
-7122
427
-7122
426
-7122
427
-7128
430
-7123
428
-7121
428
-7115
430
-7126
431
-7123
437
-7125
434
-7123
430
0
1588
1168
1152
1360
1616
1556
1040
1360
1256
1066
2026
1508
1312
1192
1462
1549
1160
1324
1152
1926
1384
1853
1154
1684
1493
1750
1280
1280
1370
1538
1065
1362
1394
1241
1035
1521
1254
1159
1125
1862
1868
1766
1190
1988
1262
1152
1640
1674
1796
1594
1062
1445
1661
1067
1566
1526
2031
1401
1746
1222
1667
1205
1970
1822
1944
1931
1205
2009
1086
2037
1192
1258
1980
1738
1058
1152
1203
1891
1098
1154
1556
1350
1597
1940
1620
1580
1980
1802
1563
1238
1352
1346
1558
1599
1594
1549
1533
1274
1428
1109
1794
1770
1562
1686
1417
2010
1352
1110
1462
1250
1342
1906
1387
1764
1515
1180
1254
1867
1279
1135
1901
1151
1429
1750
1359
1683
1565
1062
1355
1884
1473
1045
1156
1650
1583
1428
1357
1773
1525
1099
1162
1164
1212
1126
1064
1418
1494
1210
1723
1025
1706
1913
1303
1350
1795
1162
1640
1530
1184
1170
1896
1459
1828
1402
1641
1149
1327
2037
1537
1745
1998
1315
1188
1030
1989
1935
1354
1192
1398
1832
1912
1295
1774
1113
1416
1158
1563
1791
1425
1780
1599
1926
1825
1061
1049
1668
1069
1146
1862
1834
1812
1356
1764
1402
1258
1806
1296
1940
1280
1910
1954
1561
1260
1341
1160
1113
1315
1239
1145
1788
1447
1167
1534
1921
1620
1662
1134
1090
1034
1220
1973
1484
1481
1769
1588
1553
1102
1202
1305
1225
1025
1378
1241
1186
1508
1603
1113
1204
1458
1350
1729
1425
1422
1179
1805
1751
1954
1137
1451
1962
1800
1466
1508
1025
1768
1341
1267
1385
1803
1462
1810
1985
1172
1168
31
-7132
36
-7133
38
-7140
29
-7136
34
-7137
31
-7139
34
-7134
37
-7138
33
-7132
39
-7135
36
-7135
50
-7140
40
-7139
38
-7141
40
-7142
38
-7135
41
-7139
39
-7139
44
-7138
41
-7131
49
-7132
46
-7135
46
-7133
47
-7134
45
-7139
49
-7135
45
-7140
50
-7133
48
-7133
50
-7136
54
-7135
51
-7131
54
-7133
56
-7138
57
-7135
60
-7137
57
-7131
64
-7136
60
-7131
66
-7130
63
-7136
65
-7139
65
-7141
65
-7137
67
-7137
62
-7137
67
-7133
66
-7135
65
-7131
70
-7138
72
-7139
79
-7134
73
-7138
77
-7138
72
-7147
72
-7142
76
-7136
71
-7132
78
-7136
79
-7138
79
-7133
78
-7139
75
-7133
82
-7141
74
-7134
82
-7138
81
-7136
86
-7134
85
-7138
87
-7133
89
-7136
86
-7136
90
-7139
91
-7145
87
-7131
95
-7133
90
-7133
96
-7139
93
-7137
97
-7135
95
-7138
97
-7135
95
-7145
100
-7138
100
-7138
98
-7135
99
-7138
106
-7137
104
-7133
108
-7139
103
-7139
109
-7137
106
-7135
103
-7131
105
-7134
103
-7131
108
-7132
106
-7134
114
-7143
110
-7132
114
-7139
113
-7135
113
-7133
118
-7135
111
-7136
117
-7135
120
-7139
119
-7137
123
-7136
121
-7132
127
-7134
122
-7132
122
-7131
122
-7140
121
-7134
124
-7132
122
-7132
125
-7136
125
-7139
134
-7135
128
-7137
135
-7138
129
-7142
131
-7136
129
-7133
136
-7139
135
-7133
134
-7137
133
-7133
135
-7138
134
-7133
136
-7130
138
-7139
138
-7132
133
-7133
139
-7133
139
-7140
147
-7137
148
-7135
142
-7135
143
-7134
146
-7140
148
-7131
145
-7133
137
-7134
145
-7135
144
-7131
144
-7134
147
-7132
147
-7135
153
-7142
150
-7140
151
-7131
148
-7141
153
-7134
154
-7134
153
-7126
155
-7135
157
-7139
159
-7137
153
-7138
155
-7134
154
-7132
151
-7134
156
-7137
157
-7138
164
-7133
161
-7136
169
-7130
165
-7132
168
-7134
169
-7138
160
-7139
167
-7135
167
-7133
172
-7128
170
-7135
175
-7141
173
-7135
173
-7132
176
-7132
175
-7136
173
-7137
176
-7135
174
-7127
182
-7128
181
-7133
183
-7131
186
-7135
187
-7130
184
-7138
184
-7130
187
-7135
186
-7134
184
-7133
187
-7132
187
-7136
192
-7133
182
-7132
190
-7137
186
-7140
194
-7140
188
-7139
192
-7128
196
-7137
191
-7133
200
-7132
195
-7135
194
-7133
200
-7136
196
-7133
198
-7134
192
-7132
199
-7135
201
-7135
204
-7130
201
-7136
202
-7133
208
-7135
201
-7137
207
-7131
206
-7132
207
-7131
210
-7129
208
-7126
212
-7138
212
-7139
216
-7132
219
-7142
216
-7135
204
-7142
209
-7134
212
-7136
211
-7137
210
-7131
218
-7132
217
-7130
223
-7140
218
-7138
223
-7135
216
-7137
226
-7134
218
-7137
224
-7129
222
-7132
223
-7137
226
-7136
222
-7134
224
-7132
224
-7138
228
-7131
231
-7131
227
-7129
236
-7127
231
-7136
238
-7132
231
-7132
237
-7139
235
-7132
234
-7134
233
-7133
233
-7132
234
-7132
235
-7136
235
-7127
242
-7131
236
-7129
242
-7138
243
-7137
246
-7137
247
-7132
244
-7126
251
-7134
248
-7133
252
-7135
251
-7130
247
-7134
253
-7138
248
-7135
248
-7140
246
-7139
248
-7130
252
-7131
255
-7138
251
-7132
255
-7139
257
-7135
259
-7135
259
-7131
262
-7132
261
-7129
260
-7128
259
-7130
265
-7132
261
-7132
265
-7128
263
-7133
265
-7130
265
-7135
261
-7131
268
-7134
268
-7135
270
-7132
276
-7135
276
-7130
278
-7137
276
-7135
278
-7138
275
-7132
281
-7133
279
-7133
280
-7127
279
-7130
278
-7130
284
-7128
284
-7138
281
-7130
282
-7136
281
-7131
285
-7131
282
-7127
285
-7123
283
-7128
291
-7135
286
-7136
289
-7133
291
-7133
286
-7135
289
-7129
286
-7133
286
-7131
287
-7130
288
-7127
297
-7130
295
-7131
300
-7132
295
-7132
299
-7130
294
-7132
296
-7131
297
-7125
298
-7130
303
-7132
302
-7132
299
-7127
301
-7130
301
-7132
305
-7130
300
-7130
307
-7134
304
-7127
306
-7127
311
-7131
310
-7128
315
-7135
312
-7137
315
-7131
310
-7130
315
-7128
314
-7133
307
-7127
315
-7128
311
-7130
314
-7135
315
-7131
319
-7132
314
-7134
316
-7135
317
-7126
317
-7131
318
-7126
321
-7134
322
-7128
326
-7134
322
-7133
324
-7137
321
-7132
321
-7131
324
-7132
325
-7130
326
-7124
327
-7126
332
-7124
332
-7129
330
-7128
339
-7135
331
-7125
333
-7132
332
-7126
342
-7120
337
-7128
338
-7125
342
-7129
338
-7124
342
-7132
338
-7135
339
-7129
337
-7131
339
-7124
343
-7129
344
-7123
347
-7124
351
-7122
351
-7127
354
-7131
353
-7127
358
-7134
351
-7130
355
-7128
358
-7124
355
-7125
355
-7129
359
-7127
358
-7125
355
-7133
366
-7135
356
-7127
364
-7129
362
-7130
364
-7131
367
-7125
368
-7125
373
-7123
371
-7129
368
-7130
371
-7127
368
-7127
372
-7128
368
-7127
371
-7128
371
-7134
373
-7133
377
-7128
376
-7130
379
-7131
370
-7133
375
-7127
374
-7129
375
-7130
384
-7131
378
-7124
389
-7132
379
-7126
380
-7127
381
-7131
378
-7121
378
-7128
378
-7129
382
-7129
383
-7125
389
-7125
387
-7130
389
-7124
392
-7125
388
-7127
387
-7130
389
-7129
389
-7127
394
-7129
395
-7126
397
-7127
394
-7126
396
-7128
393
-7127
394
-7127
395
-7127
397
-7128
398
-7123
397
-7124
402
-7125
400
-7127
406
-7129
408
-7129
405
-7125
405
-7129
403
-7129
408
-7129
407
-7121
404
-7118
409
-7125
410
-7123
412
-7126
412
-7123
416
-7127
415
-7123
414
-7123
419
-7124
413
-7125
431
-7117
435
-7118
418
-7119
424
-7128
420
-7129
422
-7128
418
-7128
421
-7126
420
-7125
424
-7125
420
-7125
426
-7120
430
-7122
427
-7122
426
-7122
427
-7128
430
-7123
428
-7121
428
-7115
430
-7126
431
-7123
437
-7125
434
-7123
430
0
1588
1168
1152
1360
1616
1556
1040
1360
1256
1066
2026
1508
1312
1192
1462
1549
1160
1324
1152
1926
1384
1853
1154
1684
1493
1750
1280
1280
1370
1538
1065
1362
1394
1241
1035
1521
1254
1159
1125
1862
1868
1766
1190
1988
1262
1152
1640
1674
1796
1594
1062
1445
1661
1067
1566
1526
2031
1401
1746
1222
1667
1205
1970
1822
1944
1931
1205
2009
1086
2037
1192
1258
1980
1738
1058
1152
1203
1891
1098
1154
1556
1350
1597
1940
1620
1580
1980
1802
1563
1238
1352
1346
1558
1599
1594
1549
1533
1274
1428
1109
1794
1770
1562
1686
1417
2010
1352
1110
1462
1250
1342
1906
1387
1764
1515
1180
1254
1867
1279
1135
1901
1151
1429
1750
1359
1683
1565
1062
1355
1884
1473
1045
1156
1650
1583
1428
1357
1773
1525
1099
1162
1164
1212
1126
1064
1418
1494
1210
1723
1025
1706
1913
1303
1350
1795
1162
1640
1530
1184
1170
1896
1459
1828
1402
1641
1149
1327
2037
1537
1745
1998
1315
1188
1030
1989
1935
1354
1192
1398
1832
1912
1295
1774
1113
1416
1158
1563
1791
1425
1780
1599
1926
1825
1061
1049
1668
1069
1146
1862
1834
1812
1356
1764
1402
1258
1806
1296
1940
1280
1910
1954
1561
1260
1341
1160
1113
1315
1239
1145
1788
1447
1167
1534
1921
1620
1662
1134
1090
1034
1220
1973
1484
1481
1769
1588
1553
1102
1202
1305
1225
1025
1378
1241
1186
1508
1603
1113
1204
1458
1350
1729
1425
1422
1179
1805
1751
1954
1137
1451
1962
1800
1466
1508
1025
1768
1341
1267
1385
1803
1462
1810
1985
1172
1168
31
-7132
36
-7133
38
-7140
29
-7136
34
-7137
31
-7139
34
-7134
37
-7138
33
-7132
39
-7135
36
-7135
50
-7140
40
-7139
38
-7141
40
-7142
38
-7135
41
-7139
39
-7139
44
-7138
41
-7131
49
-7132
46
-7135
46
-7133
47
-7134
45
-7139
49
-7135
45
-7140
50
-7133
48
-7133
50
-7136
54
-7135
51
-7131
54
-7133
56
-7138
57
-7135
60
-7137
57
-7131
64
-7136
60
-7131
66
-7130
63
-7136
65
-7139
65
-7141
65
-7137
67
-7137
62
-7137
67
-7133
66
-7135
65
-7131
70
-7138
72
-7139
79
-7134
73
-7138
77
-7138
72
-7147
72
-7142
76
-7136
71
-7132
78
-7136
79
-7138
79
-7133
78
-7139
75
-7133
82
-7141
74
-7134
82
-7138
81
-7136
86
-7134
85
-7138
87
-7133
89
-7136
86
-7136
90
-7139
91
-7145
87
-7131
95
-7133
90
-7133
96
-7139
93
-7137
97
-7135
95
-7138
97
-7135
95
-7145
100
-7138
100
-7138
98
-7135
99
-7138
106
-7137
104
-7133
108
-7139
103
-7139
109
-7137
106
-7135
103
-7131
105
-7134
103
-7131
108
-7132
106
-7134
114
-7143
110
-7132
114
-7139
113
-7135
113
-7133
118
-7135
111
-7136
117
-7135
120
-7139
119
-7137
123
-7136
121
-7132
127
-7134
122
-7132
122
-7131
122
-7140
121
-7134
124
-7132
122
-7132
125
-7136
125
-7139
134
-7135
128
-7137
135
-7138
129
-7142
131
-7136
129
-7133
136
-7139
135
-7133
134
-7137
133
-7133
135
-7138
134
-7133
136
-7130
138
-7139
138
-7132
133
-7133
139
-7133
139
-7140
147
-7137
148
-7135
142
-7135
143
-7134
146
-7140
148
-7131
145
-7133
137
-7134
145
-7135
144
-7131
144
-7134
147
-7132
147
-7135
153
-7142
150
-7140
151
-7131
148
-7141
153
-7134
154
-7134
153
-7126
155
-7135
157
-7139
159
-7137
153
-7138
155
-7134
154
-7132
151
-7134
156
-7137
157
-7138
164
-7133
161
-7136
169
-7130
165
-7132
168
-7134
169
-7138
160
-7139
167
-7135
167
-7133
172
-7128
170
-7135
175
-7141
173
-7135
173
-7132
176
-7132
175
-7136
173
-7137
176
-7135
174
-7127
182
-7128
181
-7133
183
-7131
186
-7135
187
-7130
184
-7138
184
-7130
187
-7135
186
-7134
184
-7133
187
-7132
187
-7136
192
-7133
182
-7132
190
-7137
186
-7140
194
-7140
188
-7139
192
-7128
196
-7137
191
-7133
200
-7132
195
-7135
194
-7133
200
-7136
196
-7133
198
-7134
192
-7132
199
-7135
201
-7135
204
-7130
201
-7136
202
-7133
208
-7135
201
-7137
207
-7131
206
-7132
207
-7131
210
-7129
208
-7126
212
-7138
212
-7139
216
-7132
219
-7142
216
-7135
204
-7142
209
-7134
212
-7136
211
-7137
210
-7131
218
-7132
217
-7130
223
-7140
218
-7138
223
-7135
216
-7137
226
-7134
218
-7137
224
-7129
222
-7132
223
-7137
226
-7136
222
-7134
224
-7132
224
-7138
228
-7131
231
-7131
227
-7129
236
-7127
231
-7136
238
-7132
231
-7132
237
-7139
235
-7132
234
-7134
233
-7133
233
-7132
234
-7132
235
-7136
235
-7127
242
-7131
236
-7129
242
-7138
243
-7137
246
-7137
247
-7132
244
-7126
251
-7134
248
-7133
252
-7135
251
-7130
247
-7134
253
-7138
248
-7135
248
-7140
246
-7139
248
-7130
252
-7131
255
-7138
251
-7132
255
-7139
257
-7135
259
-7135
259
-7131
262
-7132
261
-7129
260
-7128
259
-7130
265
-7132
261
-7132
265
-7128
263
-7133
265
-7130
265
-7135
261
-7131
268
-7134
268
-7135
270
-7132
276
-7135
276
-7130
278
-7137
276
-7135
278
-7138
275
-7132
281
-7133
279
-7133
280
-7127
279
-7130
278
-7130
284
-7128
284
-7138
281
-7130
282
-7136
281
-7131
285
-7131
282
-7127
285
-7123
283
-7128
291
-7135
286
-7136
289
-7133
291
-7133
286
-7135
289
-7129
286
-7133
286
-7131
287
-7130
288
-7127
297
-7130
295
-7131
300
-7132
295
-7132
299
-7130
294
-7132
296
-7131
297
-7125
298
-7130
303
-7132
302
-7132
299
-7127
301
-7130
301
-7132
305
-7130
300
-7130
307
-7134
304
-7127
306
-7127
311
-7131
310
-7128
315
-7135
312
-7137
315
-7131
310
-7130
315
-7128
314
-7133
307
-7127
315
-7128
311
-7130
314
-7135
315
-7131
319
-7132
314
-7134
316
-7135
317
-7126
317
-7131
318
-7126
321
-7134
322
-7128
326
-7134
322
-7133
324
-7137
321
-7132
321
-7131
324
-7132
325
-7130
326
-7124
327
-7126
332
-7124
332
-7129
330
-7128
339
-7135
331
-7125
333
-7132
332
-7126
342
-7120
337
-7128
338
-7125
342
-7129
338
-7124
342
-7132
338
-7135
339
-7129
337
-7131
339
-7124
343
-7129
344
-7123
347
-7124
351
-7122
351
-7127
354
-7131
353
-7127
358
-7134
351
-7130
355
-7128
358
-7124
355
-7125
355
-7129
359
-7127
358
-7125
355
-7133
366
-7135
356
-7127
364
-7129
362
-7130
364
-7131
367
-7125
368
-7125
373
-7123
371
-7129
368
-7130
371
-7127
368
-7127
372
-7128
368
-7127
371
-7128
371
-7134
373
-7133
377
-7128
376
-7130
379
-7131
370
-7133
375
-7127
374
-7129
375
-7130
384
-7131
378
-7124
389
-7132
379
-7126
380
-7127
381
-7131
378
-7121
378
-7128
378
-7129
382
-7129
383
-7125
389
-7125
387
-7130
389
-7124
392
-7125
388
-7127
387
-7130
389
-7129
389
-7127
394
-7129
395
-7126
397
-7127
394
-7126
396
-7128
393
-7127
394
-7127
395
-7127
397
-7128
398
-7123
397
-7124
402
-7125
400
-7127
406
-7129
408
-7129
405
-7125
405
-7129
403
-7129
408
-7129
407
-7121
404
-7118
409
-7125
410
-7123
412
-7126
412
-7123
416
-7127
415
-7123
414
-7123
419
-7124
413
-7125
431
-7117
435
-7118
418
-7119
424
-7128
420
-7129
422
-7128
418
-7128
421
-7126
420
-7125
424
-7125
420
-7125
426
-7120
430
-7122
427
-7122
426
-7122
427
-7128
430
-7123
428
-7121
428
-7115
430
-7126
431
-7123
437
-7125
434
-7123
430
0
1588
1168
1152
1360
1616
1556
1040
1360
1256
1066
2026
1508
1312
1192
1462
1549
1160
1324
1152
1926
1384
1853
1154
1684
1493
1750
1280
1280
1370
1538
1065
1362
1394
1241
1035
1521
1254
1159
1125
1862
1868
1766
1190
1988
1262
1152
1640
1674
1796
1594
1062
1445
1661
1067
1566
1526
2031
1401
1746
1222
1667
1205
1970
1822
1944
1931
1205
2009
1086
2037
1192
1258
1980
1738
1058
1152
1203
1891
1098
1154
1556
1350
1597
1940
1620
1580
1980
1802
1563
1238
1352
1346
1558
1599
1594
1549
1533
1274
1428
1109
1794
1770
1562
1686
1417
2010
1352
1110
1462
1250
1342
1906
1387
1764
1515
1180
1254
1867
1279
1135
1901
1151
1429
1750
1359
1683
1565
1062
1355
1884
1473
1045
1156
1650
1583
1428
1357
1773
1525
1099
1162
1164
1212
1126
1064
1418
1494
1210
1723
1025
1706
1913
1303
1350
1795
1162
1640
1530
1184
1170
1896
1459
1828
1402
1641
1149
1327
2037
1537
1745
1998
1315
1188
1030
1989
1935
1354
1192
1398
1832
1912
1295
1774
1113
1416
1158
1563
1791
1425
1780
1599
1926
1825
1061
1049
1668
1069
1146
1862
1834
1812
1356
1764
1402
1258
1806
1296
1940
1280
1910
1954
1561
1260
1341
1160
1113
1315
1239
1145
1788
1447
1167
1534
1921
1620
1662
1134
1090
1034
1220
1973
1484
1481
1769
1588
1553
1102
1202
1305
1225
1025
1378
1241
1186
1508
1603
1113
1204
1458
1350
1729
1425
1422
1179
1805
1751
1954
1137
1451
1962
1800
1466
1508
1025
1768
1341
1267
1385
1803
1462
1810
1985
1172
1168
31
-7132
36
-7133
38
-7140
29
-7136
34
-7137
31
-7139
34
-7134
37
-7138
33
-7132
39
-7135
36
-7135
50
-7140
40
-7139
38
-7141
40
-7142
38
-7135
41
-7139
39
-7139
44
-7138
41
-7131
49
-7132
46
-7135
46
-7133
47
-7134
45
-7139
49
-7135
45
-7140
50
-7133
48
-7133
50
-7136
54
-7135
51
-7131
54
-7133
56
-7138
57
-7135
60
-7137
57
-7131
64
-7136
60
-7131
66
-7130
63
-7136
65
-7139
65
-7141
65
-7137
67
-7137
62
-7137
67
-7133
66
-7135
65
-7131
70
-7138
72
-7139
79
-7134
73
-7138
77
-7138
72
-7147
72
-7142
76
-7136
71
-7132
78
-7136
79
-7138
79
-7133
78
-7139
75
-7133
82
-7141
74
-7134
82
-7138
81
-7136
86
-7134
85
-7138
87
-7133
89
-7136
86
-7136
90
-7139
91
-7145
87
-7131
95
-7133
90
-7133
96
-7139
93
-7137
97
-7135
95
-7138
97
-7135
95
-7145
100
-7138
100
-7138
98
-7135
99
-7138
106
-7137
104
-7133
108
-7139
103
-7139
109
-7137
106
-7135
103
-7131
105
-7134
103
-7131
108
-7132
106
-7134
114
-7143
110
-7132
114
-7139
113
-7135
113
-7133
118
-7135
111
-7136
117
-7135
120
-7139
119
-7137
123
-7136
121
-7132
127
-7134
122
-7132
122
-7131
122
-7140
121
-7134
124
-7132
122
-7132
125
-7136
125
-7139
134
-7135
128
-7137
135
-7138
129
-7142
131
-7136
129
-7133
136
-7139
135
-7133
134
-7137
133
-7133
135
-7138
134
-7133
136
-7130
138
-7139
138
-7132
133
-7133
139
-7133
139
-7140
147
-7137
148
-7135
142
-7135
143
-7134
146
-7140
148
-7131
145
-7133
137
-7134
145
-7135
144
-7131
144
-7134
147
-7132
147
-7135
153
-7142
150
-7140
151
-7131
148
-7141
153
-7134
154
-7134
153
-7126
155
-7135
157
-7139
159
-7137
153
-7138
155
-7134
154
-7132
151
-7134
156
-7137
157
-7138
164
-7133
161
-7136
169
-7130
165
-7132
168
-7134
169
-7138
160
-7139
167
-7135
167
-7133
172
-7128
170
-7135
175
-7141
173
-7135
173
-7132
176
-7132
175
-7136
173
-7137
176
-7135
174
-7127
182
-7128
181
-7133
183
-7131
186
-7135
187
-7130
184
-7138
184
-7130
187
-7135
186
-7134
184
-7133
187
-7132
187
-7136
192
-7133
182
-7132
190
-7137
186
-7140
194
-7140
188
-7139
192
-7128
196
-7137
191
-7133
200
-7132
195
-7135
194
-7133
200
-7136
196
-7133
198
-7134
192
-7132
199
-7135
201
-7135
204
-7130
201
-7136
202
-7133
208
-7135
201
-7137
207
-7131
206
-7132
207
-7131
210
-7129
208
-7126
212
-7138
212
-7139
216
-7132
219
-7142
216
-7135
204
-7142
209
-7134
212
-7136
211
-7137
210
-7131
218
-7132
217
-7130
223
-7140
218
-7138
223
-7135
216
-7137
226
-7134
218
-7137
224
-7129
222
-7132
223
-7137
226
-7136
222
-7134
224
-7132
224
-7138
228
-7131
231
-7131
227
-7129
236
-7127
231
-7136
238
-7132
231
-7132
237
-7139
235
-7132
234
-7134
233
-7133
233
-7132
234
-7132
235
-7136
235
-7127
242
-7131
236
-7129
242
-7138
243
-7137
246
-7137
247
-7132
244
-7126
251
-7134
248
-7133
252
-7135
251
-7130
247
-7134
253
-7138
248
-7135
248
-7140
246
-7139
248
-7130
252
-7131
255
-7138
251
-7132
255
-7139
257
-7135
259
-7135
259
-7131
262
-7132
261
-7129
260
-7128
259
-7130
265
-7132
261
-7132
265
-7128
263
-7133
265
-7130
265
-7135
261
-7131
268
-7134
268
-7135
270
-7132
276
-7135
276
-7130
278
-7137
276
-7135
278
-7138
275
-7132
281
-7133
279
-7133
280
-7127
279
-7130
278
-7130
284
-7128
284
-7138
281
-7130
282
-7136
281
-7131
285
-7131
282
-7127
285
-7123
283
-7128
291
-7135
286
-7136
289
-7133
291
-7133
286
-7135
289
-7129
286
-7133
286
-7131
287
-7130
288
-7127
297
-7130
295
-7131
300
-7132
295
-7132
299
-7130
294
-7132
296
-7131
297
-7125
298
-7130
303
-7132
302
-7132
299
-7127
301
-7130
301
-7132
305
-7130
300
-7130
307
-7134
304
-7127
306
-7127
311
-7131
310
-7128
315
-7135
312
-7137
315
-7131
310
-7130
315
-7128
314
-7133
307
-7127
315
-7128
311
-7130
314
-7135
315
-7131
319
-7132
314
-7134
316
-7135
317
-7126
317
-7131
318
-7126
321
-7134
322
-7128
326
-7134
322
-7133
324
-7137
321
-7132
321
-7131
324
-7132
325
-7130
326
-7124
327
-7126
332
-7124
332
-7129
330
-7128
339
-7135
331
-7125
333
-7132
332
-7126
342
-7120
337
-7128
338
-7125
342
-7129
338
-7124
342
-7132
338
-7135
339
-7129
337
-7131
339
-7124
343
-7129
344
-7123
347
-7124
351
-7122
351
-7127
354
-7131
353
-7127
358
-7134
351
-7130
355
-7128
358
-7124
355
-7125
355
-7129
359
-7127
358
-7125
355
-7133
366
-7135
356
-7127
364
-7129
362
-7130
364
-7131
367
-7125
368
-7125
373
-7123
371
-7129
368
-7130
371
-7127
368
-7127
372
-7128
368
-7127
371
-7128
371
-7134
373
-7133
377
-7128
376
-7130
379
-7131
370
-7133
375
-7127
374
-7129
375
-7130
384
-7131
378
-7124
389
-7132
379
-7126
380
-7127
381
-7131
378
-7121
378
-7128
378
-7129
382
-7129
383
-7125
389
-7125
387
-7130
389
-7124
392
-7125
388
-7127
387
-7130
389
-7129
389
-7127
394
-7129
395
-7126
397
-7127
394
-7126
396
-7128
393
-7127
394
-7127
395
-7127
397
-7128
398
-7123
397
-7124
402
-7125
400
-7127
406
-7129
408
-7129
405
-7125
405
-7129
403
-7129
408
-7129
407
-7121
404
-7118
409
-7125
410
-7123
412
-7126
412
-7123
416
-7127
415
-7123
414
-7123
419
-7124
413
-7125
431
-7117
435
-7118
418
-7119
424
-7128
420
-7129
422
-7128
418
-7128
421
-7126
420
-7125
424
-7125
420
-7125
426
-7120
430
-7122
427
-7122
426
-7122
427
-7128
430
-7123
428
-7121
428
-7115
430
-7126
431
-7123
437
-7125
434
-7123
430
0
1588
1168
1152
1360
1616
1556
1040
1360
1256
1066
2026
1508
1312
1192
1462
1549
1160
1324
1152
1926
1384
1853
1154
1684
1493
1750
1280
1280
1370
1538
1065
1362
1394
1241
1035
1521
1254
1159
1125
1862
1868
1766
1190
1988
1262
1152
1640
1674
1796
1594
1062
1445
1661
1067
1566
1526
2031
1401
1746
1222
1667
1205
1970
1822
1944
1931
1205
2009
1086
2037
1192
1258
1980
1738
1058
1152
1203
1891
1098
1154
1556
1350
1597
1940
1620
1580
1980
1802
1563
1238
1352
1346
1558
1599
1594
1549
1533
1274
1428
1109
1794
1770
1562
1686
1417
2010
1352
1110
1462
1250
1342
1906
1387
1764
1515
1180
1254
1867
1279
1135
1901
1151
1429
1750
1359
1683
1565
1062
1355
1884
1473
1045
1156
1650
1583
1428
1357
1773
1525
1099
1162
1164
1212
1126
1064
1418
1494
1210
1723
1025
1706
1913
1303
1350
1795
1162
1640
1530
1184
1170
1896
1459
1828
1402
1641
1149
1327
2037
1537
1745
1998
1315
1188
1030
1989
1935
1354
1192
1398
1832
1912
1295
1774
1113
1416
1158
1563
1791
1425
1780
1599
1926
1825
1061
1049
1668
1069
1146
1862
1834
1812
1356
1764
1402
1258
1806
1296
1940
1280
1910
1954
1561
1260
1341
1160
1113
1315
1239
1145
1788
1447
1167
1534
1921
1620
1662
1134
1090
1034
1220
1973
1484
1481
1769
1588
1553
1102
1202
1305
1225
1025
1378
1241
1186
1508
1603
1113
1204
1458
1350
1729
1425
1422
1179
1805
1751
1954
1137
1451
1962
1800
1466
1508
1025
1768
1341
1267
1385
1803
1462
1810
1985
1172
1168
1181
7040
1183
7039
1178
7039
1178
7047
1171
7040
1175
7043
1178
7039
1172
7039
1172
7035
1172
7045
1167
7036
1189
7043
1174
7040
1166
7043
1170
7049
1173
7042
1170
7041
1174
7039
1171
7044
1173
7043
1170
7036
1166
7042
1166
7040
1163
7044
1164
7041
1158
7048
1159
7048
1158
7044
1158
7045
1152
7041
1160
7041
1157
7038
1156
7039
1154
7048
1152
7044
1154
7046
1153
7047
1146
7048
1154
7044
1147
7044
1151
7043
1142
7043
1138
7041
1141
7042
1139
7049
1142
7050
1137
7047
1137
7044
1147
7043
1141
7044
1141
7043
1132
7043
1138
7044
1136
7045
1135
7048
1139
7045
1131
7051
1136
7051
1130
7045
1133
7043
1128
7045
1128
7047
1133
7042
1123
7049
1127
7048
1122
7047
1130
7050
1130
7044
1126
7047
1129
7042
1116
7045
1124
7049
1120
7052
1114
7055
1120
7048
1116
7050
1118
7050
1109
7050
1115
7046
1109
7042
1117
7056
1108
7052
1109
7050
1110
7050
1106
7055
1110
7053
1108
7054
1106
7050
1111
7053
1102
7055
1102
7049
1099
7048
1104
7053
1102
7055
1103
7053
1103
7053
1106
7052
1106
7056
1104
7031
1101
7050
1104
7055
1102
7058
1100
7054
1101
7060
1105
7056
1095
7056
1099
7052
1096
7051
1096
7050
1094
7053
1094
7048
1089
7050
1087
7055
1093
7059
1087
7053
1088
7053
1090
7048
1088
7050
1087
7051
1083
7050
1086
7056
1080
7055
1081
7060
1077
7058
1076
7054
1080
7061
1079
7052
1074
7053
1080
7057
1072
7057
1076
7055
1071
7052
1076
7058
1076
7058
1074
7058
1079
7054
1072
7055
1071
7058
1066
7057
1068
7060
1066
7056
1064
7061
1067
7055
1061
7055
1063
7059
1060
7062
1063
7060
1064
7053
1061
7059
1059
7060
1058
7055
1059
7058
1062
7057
1056
7066
1059
7056
1057
7058
1055
7053
1055
7059
1055
7059
1051
7054
1054
7064
1050
7059
1049
7066
1047
7058
1050
7056
1047
7059
1047
7058
1048
7053
1047
7060
1042
7065
1046
7061
1041
7062
1042
7063
1041
7065
1038
7063
1041
7059
1037
7063
1036
7058
1033
7057
1031
7062
1031
7064
1032
7064
1036
7061
1031
7059
1041
7063
1039
7065
1032
7060
1031
7057
1032
7060
1025
7061
1027
7062
1024
7061
1023
7060
1024
7067
1026
7062
1025
7063
1022
7061
1021
7064
1021
7060
1018
7064
1026
7069
1023
7068
1024
7066
1024
7067
1023
7063
1023
7062
1020
7061
1018
7062
1015
7063
1015
7062
1014
7066
1013
7065
1012
7066
1010
7063
1016
7061
1012
7059
1016
7063
1012
7058
1009
7062
1010
7060
1010
7066
1005
7070
1006
7068
1004
7069
1004
7067
1000
7070
1002
7068
998
7066
1001
7069
994
7070
994
7069
996
7062
998
7067
998
7063
995
7062
996
7063
994
7065
990
7068
989
7068
986
7072
987
7073
989
7068
985
7071
982
7065
982
7066
979
7070
980
7066
978
7068
983
7073
980
7070
978
7068
977
7068
985
7073
975
7070
975
7074
974
7067
973
7070
970
7074
969
7076
975
7069
969
7070
969
7078
971
7073
968
7070
969
7066
965
7071
967
7072
961
7070
970
7073
968
7076
964
7070
970
7080
969
7088
965
7065
961
7069
962
7070
961
7075
955
7072
959
7073
957
7068
958
7076
957
7069
959
7075
960
7070
957
7069
957
7068
950
7071
954
7074
954
7074
953
7082
949
7069
947
7073
956
7076
946
7075
947
7072
946
7072
948
7079
944
7072
939
7077
945
7072
949
7069
947
7077
947
7078
944
7069
940
7067
934
7079
935
7076
931
7076
934
7075
931
7075
931
7078
934
7074
936
7075
933
7078
931
7074
938
7070
936
7075
927
7080
933
7078
924
7080
931
7078
923
7081
926
7083
925
7074
927
7075
921
7080
919
7079
923
7077
920
7076
920
7084
919
7075
917
7077
921
7072
916
7075
919
7077
915
7073
915
7077
916
7072
909
7077
911
7078
911
7075
912
7081
909
7074
908
7075
909
7075
904
7084
906
7080
902
7079
905
7080
907
7078
905
7081
906
7073
905
7075
900
7077
900
7075
896
7078
899
7077
894
7086
900
7081
894
7078
900
7084
894
7081
893
7083
894
7074
890
7081
892
7081
886
7084
893
7080
895
7078
891
7084
891
7078
885
7081
889
7077
881
7082
888
7079
879
7081
890
7081
882
7082
883
7082
882
7077
881
7076
886
7082
879
7079
874
7085
878
7076
876
7084
871
7080
876
7087
874
7082
873
7088
871
7085
871
7079
868
7079
865
7082
864
7082
861
7081
862
7083
866
7088
865
7083
863
7078
867
7078
859
7078
865
7087
856
7079
854
7081
859
7086
853
7088
851
7083
853
7083
854
7089
853
7085
847
7087
848
7081
847
7083
852
7084
847
7087
857
7090
851
7086
854
7090
854
7083
853
7088
851
7091
848
7087
838
7087
839
7081
841
7087
846
7089
838
7092
845
7090
844
7088
840
7082
839
7084
840
7083
837
7090
838
7085
834
7090
835
7088
839
7089
836
7087
833
7089
832
7083
833
7086
830
7090
831
7091
829
7085
829
7092
826
7091
827
7084
828
7082
830
7089
831
7086
826
7089
818
7084
820
7091
822
7090
815
7092
817
7091
817
7084
817
7092
815
7088
810
7082
812
7089
811
7087
810
7090
809
7086
810
7091
810
7089
808
7087
814
7090
815
7086
805
7089
805
7086
802
7087
803
7091
800
7093
807
7093
805
7090
805
7089
806
7089
804
7095
809
7089
800
7091
805
7093
798
7092
802
7092
804
7091
801
7094
801
7095
796
7093
797
7097
795
7088
794
7088
793
7087
791
7097
791
7089
789
7088
794
7087
792
7090
793
7090
790
7093
790
7093
794
7092
786
7092
786
7092
786
7091
788
7096
787
7095
785
7097
785
7091
784
7091
782
7094
779
0
1588
1168
1152
1360
1616
1556
1040
1360
1256
1066
2026
1508
1312
1192
1462
1549
1160
1324
1152
1926
1384
1853
1154
1684
1493
1750
1280
1280
1370
1538
1065
1362
1394
1241
1035
1521
1254
1159
1125
1862
1868
1766
1190
1988
1262
1152
1640
1674
1796
1594
1062
1445
1661
1067
1566
1526
2031
1401
1746
1222
1667
1205
1970
1822
1944
1931
1205
2009
1086
2037
1192
1258
1980
1738
1058
1152
1203
1891
1098
1154
1556
1350
1597
1940
1620
1580
1980
1802
1563
1238
1352
1346
1558
1599
1594
1549
1533
1274
1428
1109
1794
1770
1562
1686
1417
2010
1352
1110
1462
1250
1342
1906
1387
1764
1515
1180
1254
1867
1279
1135
1901
1151
1429
1750
1359
1683
1565
1062
1355
1884
1473
1045
1156
1650
1583
1428
1357
1773
1525
1099
1162
1164
1212
1126
1064
1418
1494
1210
1723
1025
1706
1913
1303
1350
1795
1162
1640
1530
1184
1170
1896
1459
1828
1402
1641
1149
1327
2037
1537
1745
1998
1315
1188
1030
1989
1935
1354
1192
1398
1832
1912
1295
1774
1113
1416
1158
1563
1791
1425
1780
1599
1926
1825
1061
1049
1668
1069
1146
1862
1834
1812
1356
1764
1402
1258
1806
1296
1940
1280
1910
1954
1561
1260
1341
1160
1113
1315
1239
1145
1788
1447
1167
1534
1921
1620
1662
1134
1090
1034
1220
1973
1484
1481
1769
1588
1553
1102
1202
1305
1225
1025
1378
1241
1186
1508
1603
1113
1204
1458
1350
1729
1425
1422
1179
1805
1751
1954
1137
1451
1962
1800
1466
1508
1025
1768
1341
1267
1385
1803
1462
1810
1985
1172
1168
1181
7040
1183
7039
1178
7039
1178
7047
1171
7040
1175
7043
1178
7039
1172
7039
1172
7035
1172
7045
1167
7036
1189
7043
1174
7040
1166
7043
1170
7049
1173
7042
1170
7041
1174
7039
1171
7044
1173
7043
1170
7036
1166
7042
1166
7040
1163
7044
1164
7041
1158
7048
1159
7048
1158
7044
1158
7045
1152
7041
1160
7041
1157
7038
1156
7039
1154
7048
1152
7044
1154
7046
1153
7047
1146
7048
1154
7044
1147
7044
1151
7043
1142
7043
1138
7041
1141
7042
1139
7049
1142
7050
1137
7047
1137
7044
1147
7043
1141
7044
1141
7043
1132
7043
1138
7044
1136
7045
1135
7048
1139
7045
1131
7051
1136
7051
1130
7045
1133
7043
1128
7045
1128
7047
1133
7042
1123
7049
1127
7048
1122
7047
1130
7050
1130
7044
1126
7047
1129
7042
1116
7045
1124
7049
1120
7052
1114
7055
1120
7048
1116
7050
1118
7050
1109
7050
1115
7046
1109
7042
1117
7056
1108
7052
1109
7050
1110
7050
1106
7055
1110
7053
1108
7054
1106
7050
1111
7053
1102
7055
1102
7049
1099
7048
1104
7053
1102
7055
1103
7053
1103
7053
1106
7052
1106
7056
1104
7031
1101
7050
1104
7055
1102
7058
1100
7054
1101
7060
1105
7056
1095
7056
1099
7052
1096
7051
1096
7050
1094
7053
1094
7048
1089
7050
1087
7055
1093
7059
1087
7053
1088
7053
1090
7048
1088
7050
1087
7051
1083
7050
1086
7056
1080
7055
1081
7060
1077
7058
1076
7054
1080
7061
1079
7052
1074
7053
1080
7057
1072
7057
1076
7055
1071
7052
1076
7058
1076
7058
1074
7058
1079
7054
1072
7055
1071
7058
1066
7057
1068
7060
1066
7056
1064
7061
1067
7055
1061
7055
1063
7059
1060
7062
1063
7060
1064
7053
1061
7059
1059
7060
1058
7055
1059
7058
1062
7057
1056
7066
1059
7056
1057
7058
1055
7053
1055
7059
1055
7059
1051
7054
1054
7064
1050
7059
1049
7066
1047
7058
1050
7056
1047
7059
1047
7058
1048
7053
1047
7060
1042
7065
1046
7061
1041
7062
1042
7063
1041
7065
1038
7063
1041
7059
1037
7063
1036
7058
1033
7057
1031
7062
1031
7064
1032
7064
1036
7061
1031
7059
1041
7063
1039
7065
1032
7060
1031
7057
1032
7060
1025
7061
1027
7062
1024
7061
1023
7060
1024
7067
1026
7062
1025
7063
1022
7061
1021
7064
1021
7060
1018
7064
1026
7069
1023
7068
1024
7066
1024
7067
1023
7063
1023
7062
1020
7061
1018
7062
1015
7063
1015
7062
1014
7066
1013
7065
1012
7066
1010
7063
1016
7061
1012
7059
1016
7063
1012
7058
1009
7062
1010
7060
1010
7066
1005
7070
1006
7068
1004
7069
1004
7067
1000
7070
1002
7068
998
7066
1001
7069
994
7070
994
7069
996
7062
998
7067
998
7063
995
7062
996
7063
994
7065
990
7068
989
7068
986
7072
987
7073
989
7068
985
7071
982
7065
982
7066
979
7070
980
7066
978
7068
983
7073
980
7070
978
7068
977
7068
985
7073
975
7070
975
7074
974
7067
973
7070
970
7074
969
7076
975
7069
969
7070
969
7078
971
7073
968
7070
969
7066
965
7071
967
7072
961
7070
970
7073
968
7076
964
7070
970
7080
969
7088
965
7065
961
7069
962
7070
961
7075
955
7072
959
7073
957
7068
958
7076
957
7069
959
7075
960
7070
957
7069
957
7068
950
7071
954
7074
954
7074
953
7082
949
7069
947
7073
956
7076
946
7075
947
7072
946
7072
948
7079
944
7072
939
7077
945
7072
949
7069
947
7077
947
7078
944
7069
940
7067
934
7079
935
7076
931
7076
934
7075
931
7075
931
7078
934
7074
936
7075
933
7078
931
7074
938
7070
936
7075
927
7080
933
7078
924
7080
931
7078
923
7081
926
7083
925
7074
927
7075
921
7080
919
7079
923
7077
920
7076
920
7084
919
7075
917
7077
921
7072
916
7075
919
7077
915
7073
915
7077
916
7072
909
7077
911
7078
911
7075
912
7081
909
7074
908
7075
909
7075
904
7084
906
7080
902
7079
905
7080
907
7078
905
7081
906
7073
905
7075
900
7077
900
7075
896
7078
899
7077
894
7086
900
7081
894
7078
900
7084
894
7081
893
7083
894
7074
890
7081
892
7081
886
7084
893
7080
895
7078
891
7084
891
7078
885
7081
889
7077
881
7082
888
7079
879
7081
890
7081
882
7082
883
7082
882
7077
881
7076
886
7082
879
7079
874
7085
878
7076
876
7084
871
7080
876
7087
874
7082
873
7088
871
7085
871
7079
868
7079
865
7082
864
7082
861
7081
862
7083
866
7088
865
7083
863
7078
867
7078
859
7078
865
7087
856
7079
854
7081
859
7086
853
7088
851
7083
853
7083
854
7089
853
7085
847
7087
848
7081
847
7083
852
7084
847
7087
857
7090
851
7086
854
7090
854
7083
853
7088
851
7091
848
7087
838
7087
839
7081
841
7087
846
7089
838
7092
845
7090
844
7088
840
7082
839
7084
840
7083
837
7090
838
7085
834
7090
835
7088
839
7089
836
7087
833
7089
832
7083
833
7086
830
7090
831
7091
829
7085
829
7092
826
7091
827
7084
828
7082
830
7089
831
7086
826
7089
818
7084
820
7091
822
7090
815
7092
817
7091
817
7084
817
7092
815
7088
810
7082
812
7089
811
7087
810
7090
809
7086
810
7091
810
7089
808
7087
814
7090
815
7086
805
7089
805
7086
802
7087
803
7091
800
7093
807
7093
805
7090
805
7089
806
7089
804
7095
809
7089
800
7091
805
7093
798
7092
802
7092
804
7091
801
7094
801
7095
796
7093
797
7097
795
7088
794
7088
793
7087
791
7097
791
7089
789
7088
794
7087
792
7090
793
7090
790
7093
790
7093
794
7092
786
7092
786
7092
786
7091
788
7096
787
7095
785
7097
785
7091
784
7091
782
7094
779
0
1588
1168
1152
1360
1616
1556
1040
1360
1256
1066
2026
1508
1312
1192
1462
1549
1160
1324
1152
1926
1384
1853
1154
1684
1493
1750
1280
1280
1370
1538
1065
1362
1394
1241
1035
1521
1254
1159
1125
1862
1868
1766
1190
1988
1262
1152
1640
1674
1796
1594
1062
1445
1661
1067
1566
1526
2031
1401
1746
1222
1667
1205
1970
1822
1944
1931
1205
2009
1086
2037
1192
1258
1980
1738
1058
1152
1203
1891
1098
1154
1556
1350
1597
1940
1620
1580
1980
1802
1563
1238
1352
1346
1558
1599
1594
1549
1533
1274
1428
1109
1794
1770
1562
1686
1417
2010
1352
1110
1462
1250
1342
1906
1387
1764
1515
1180
1254
1867
1279
1135
1901
1151
1429
1750
1359
1683
1565
1062
1355
1884
1473
1045
1156
1650
1583
1428
1357
1773
1525
1099
1162
1164
1212
1126
1064
1418
1494
1210
1723
1025
1706
1913
1303
1350
1795
1162
1640
1530
1184
1170
1896
1459
1828
1402
1641
1149
1327
2037
1537
1745
1998
1315
1188
1030
1989
1935
1354
1192
1398
1832
1912
1295
1774
1113
1416
1158
1563
1791
1425
1780
1599
1926
1825
1061
1049
1668
1069
1146
1862
1834
1812
1356
1764
1402
1258
1806
1296
1940
1280
1910
1954
1561
1260
1341
1160
1113
1315
1239
1145
1788
1447
1167
1534
1921
1620
1662
1134
1090
1034
1220
1973
1484
1481
1769
1588
1553
1102
1202
1305
1225
1025
1378
1241
1186
1508
1603
1113
1204
1458
1350
1729
1425
1422
1179
1805
1751
1954
1137
1451
1962
1800
1466
1508
1025
1768
1341
1267
1385
1803
1462
1810
1985
1172
1168
1181
7040
1183
7039
1178
7039
1178
7047
1171
7040
1175
7043
1178
7039
1172
7039
1172
7035
1172
7045
1167
7036
1189
7043
1174
7040
1166
7043
1170
7049
1173
7042
1170
7041
1174
7039
1171
7044
1173
7043
1170
7036
1166
7042
1166
7040
1163
7044
1164
7041
1158
7048
1159
7048
1158
7044
1158
7045
1152
7041
1160
7041
1157
7038
1156
7039
1154
7048
1152
7044
1154
7046
1153
7047
1146
7048
1154
7044
1147
7044
1151
7043
1142
7043
1138
7041
1141
7042
1139
7049
1142
7050
1137
7047
1137
7044
1147
7043
1141
7044
1141
7043
1132
7043
1138
7044
1136
7045
1135
7048
1139
7045
1131
7051
1136
7051
1130
7045
1133
7043
1128
7045
1128
7047
1133
7042
1123
7049
1127
7048
1122
7047
1130
7050
1130
7044
1126
7047
1129
7042
1116
7045
1124
7049
1120
7052
1114
7055
1120
7048
1116
7050
1118
7050
1109
7050
1115
7046
1109
7042
1117
7056
1108
7052
1109
7050
1110
7050
1106
7055
1110
7053
1108
7054
1106
7050
1111
7053
1102
7055
1102
7049
1099
7048
1104
7053
1102
7055
1103
7053
1103
7053
1106
7052
1106
7056
1104
7031
1101
7050
1104
7055
1102
7058
1100
7054
1101
7060
1105
7056
1095
7056
1099
7052
1096
7051
1096
7050
1094
7053
1094
7048
1089
7050
1087
7055
1093
7059
1087
7053
1088
7053
1090
7048
1088
7050
1087
7051
1083
7050
1086
7056
1080
7055
1081
7060
1077
7058
1076
7054
1080
7061
1079
7052
1074
7053
1080
7057
1072
7057
1076
7055
1071
7052
1076
7058
1076
7058
1074
7058
1079
7054
1072
7055
1071
7058
1066
7057
1068
7060
1066
7056
1064
7061
1067
7055
1061
7055
1063
7059
1060
7062
1063
7060
1064
7053
1061
7059
1059
7060
1058
7055
1059
7058
1062
7057
1056
7066
1059
7056
1057
7058
1055
7053
1055
7059
1055
7059
1051
7054
1054
7064
1050
7059
1049
7066
1047
7058
1050
7056
1047
7059
1047
7058
1048
7053
1047
7060
1042
7065
1046
7061
1041
7062
1042
7063
1041
7065
1038
7063
1041
7059
1037
7063
1036
7058
1033
7057
1031
7062
1031
7064
1032
7064
1036
7061
1031
7059
1041
7063
1039
7065
1032
7060
1031
7057
1032
7060
1025
7061
1027
7062
1024
7061
1023
7060
1024
7067
1026
7062
1025
7063
1022
7061
1021
7064
1021
7060
1018
7064
1026
7069
1023
7068
1024
7066
1024
7067
1023
7063
1023
7062
1020
7061
1018
7062
1015
7063
1015
7062
1014
7066
1013
7065
1012
7066
1010
7063
1016
7061
1012
7059
1016
7063
1012
7058
1009
7062
1010
7060
1010
7066
1005
7070
1006
7068
1004
7069
1004
7067
1000
7070
1002
7068
998
7066
1001
7069
994
7070
994
7069
996
7062
998
7067
998
7063
995
7062
996
7063
994
7065
990
7068
989
7068
986
7072
987
7073
989
7068
985
7071
982
7065
982
7066
979
7070
980
7066
978
7068
983
7073
980
7070
978
7068
977
7068
985
7073
975
7070
975
7074
974
7067
973
7070
970
7074
969
7076
975
7069
969
7070
969
7078
971
7073
968
7070
969
7066
965
7071
967
7072
961
7070
970
7073
968
7076
964
7070
970
7080
969
7088
965
7065
961
7069
962
7070
961
7075
955
7072
959
7073
957
7068
958
7076
957
7069
959
7075
960
7070
957
7069
957
7068
950
7071
954
7074
954
7074
953
7082
949
7069
947
7073
956
7076
946
7075
947
7072
946
7072
948
7079
944
7072
939
7077
945
7072
949
7069
947
7077
947
7078
944
7069
940
7067
934
7079
935
7076
931
7076
934
7075
931
7075
931
7078
934
7074
936
7075
933
7078
931
7074
938
7070
936
7075
927
7080
933
7078
924
7080
931
7078
923
7081
926
7083
925
7074
927
7075
921
7080
919
7079
923
7077
920
7076
920
7084
919
7075
917
7077
921
7072
916
7075
919
7077
915
7073
915
7077
916
7072
909
7077
911
7078
911
7075
912
7081
909
7074
908
7075
909
7075
904
7084
906
7080
902
7079
905
7080
907
7078
905
7081
906
7073
905
7075
900
7077
900
7075
896
7078
899
7077
894
7086
900
7081
894
7078
900
7084
894
7081
893
7083
894
7074
890
7081
892
7081
886
7084
893
7080
895
7078
891
7084
891
7078
885
7081
889
7077
881
7082
888
7079
879
7081
890
7081
882
7082
883
7082
882
7077
881
7076
886
7082
879
7079
874
7085
878
7076
876
7084
871
7080
876
7087
874
7082
873
7088
871
7085
871
7079
868
7079
865
7082
864
7082
861
7081
862
7083
866
7088
865
7083
863
7078
867
7078
859
7078
865
7087
856
7079
854
7081
859
7086
853
7088
851
7083
853
7083
854
7089
853
7085
847
7087
848
7081
847
7083
852
7084
847
7087
857
7090
851
7086
854
7090
854
7083
853
7088
851
7091
848
7087
838
7087
839
7081
841
7087
846
7089
838
7092
845
7090
844
7088
840
7082
839
7084
840
7083
837
7090
838
7085
834
7090
835
7088
839
7089
836
7087
833
7089
832
7083
833
7086
830
7090
831
7091
829
7085
829
7092
826
7091
827
7084
828
7082
830
7089
831
7086
826
7089
818
7084
820
7091
822
7090
815
7092
817
7091
817
7084
817
7092
815
7088
810
7082
812
7089
811
7087
810
7090
809
7086
810
7091
810
7089
808
7087
814
7090
815
7086
805
7089
805
7086
802
7087
803
7091
800
7093
807
7093
805
7090
805
7089
806
7089
804
7095
809
7089
800
7091
805
7093
798
7092
802
7092
804
7091
801
7094
801
7095
796
7093
797
7097
795
7088
794
7088
793
7087
791
7097
791
7089
789
7088
794
7087
792
7090
793
7090
790
7093
790
7093
794
7092
786
7092
786
7092
786
7091
788
7096
787
7095
785
7097
785
7091
784
7091
782
7094
779
0
1588
1168
1152
1360
1616
1556
1040
1360
1256
1066
2026
1508
1312
1192
1462
1549
1160
1324
1152
1926
1384
1853
1154
1684
1493
1750
1280
1280
1370
1538
1065
1362
1394
1241
1035
1521
1254
1159
1125
1862
1868
1766
1190
1988
1262
1152
1640
1674
1796
1594
1062
1445
1661
1067
1566
1526
2031
1401
1746
1222
1667
1205
1970
1822
1944
1931
1205
2009
1086
2037
1192
1258
1980
1738
1058
1152
1203
1891
1098
1154
1556
1350
1597
1940
1620
1580
1980
1802
1563
1238
1352
1346
1558
1599
1594
1549
1533
1274
1428
1109
1794
1770
1562
1686
1417
2010
1352
1110
1462
1250
1342
1906
1387
1764
1515
1180
1254
1867
1279
1135
1901
1151
1429
1750
1359
1683
1565
1062
1355
1884
1473
1045
1156
1650
1583
1428
1357
1773
1525
1099
1162
1164
1212
1126
1064
1418
1494
1210
1723
1025
1706
1913
1303
1350
1795
1162
1640
1530
1184
1170
1896
1459
1828
1402
1641
1149
1327
2037
1537
1745
1998
1315
1188
1030
1989
1935
1354
1192
1398
1832
1912
1295
1774
1113
1416
1158
1563
1791
1425
1780
1599
1926
1825
1061
1049
1668
1069
1146
1862
1834
1812
1356
1764
1402
1258
1806
1296
1940
1280
1910
1954
1561
1260
1341
1160
1113
1315
1239
1145
1788
1447
1167
1534
1921
1620
1662
1134
1090
1034
1220
1973
1484
1481
1769
1588
1553
1102
1202
1305
1225
1025
1378
1241
1186
1508
1603
1113
1204
1458
1350
1729
1425
1422
1179
1805
1751
1954
1137
1451
1962
1800
1466
1508
1025
1768
1341
1267
1385
1803
1462
1810
1985
1172
1168
1181
7040
1183
7039
1178
7039
1178
7047
1171
7040
1175
7043
1178
7039
1172
7039
1172
7035
1172
7045
1167
7036
1189
7043
1174
7040
1166
7043
1170
7049
1173
7042
1170
7041
1174
7039
1171
7044
1173
7043
1170
7036
1166
7042
1166
7040
1163
7044
1164
7041
1158
7048
1159
7048
1158
7044
1158
7045
1152
7041
1160
7041
1157
7038
1156
7039
1154
7048
1152
7044
1154
7046
1153
7047
1146
7048
1154
7044
1147
7044
1151
7043
1142
7043
1138
7041
1141
7042
1139
7049
1142
7050
1137
7047
1137
7044
1147
7043
1141
7044
1141
7043
1132
7043
1138
7044
1136
7045
1135
7048
1139
7045
1131
7051
1136
7051
1130
7045
1133
7043
1128
7045
1128
7047
1133
7042
1123
7049
1127
7048
1122
7047
1130
7050
1130
7044
1126
7047
1129
7042
1116
7045
1124
7049
1120
7052
1114
7055
1120
7048
1116
7050
1118
7050
1109
7050
1115
7046
1109
7042
1117
7056
1108
7052
1109
7050
1110
7050
1106
7055
1110
7053
1108
7054
1106
7050
1111
7053
1102
7055
1102
7049
1099
7048
1104
7053
1102
7055
1103
7053
1103
7053
1106
7052
1106
7056
1104
7031
1101
7050
1104
7055
1102
7058
1100
7054
1101
7060
1105
7056
1095
7056
1099
7052
1096
7051
1096
7050
1094
7053
1094
7048
1089
7050
1087
7055
1093
7059
1087
7053
1088
7053
1090
7048
1088
7050
1087
7051
1083
7050
1086
7056
1080
7055
1081
7060
1077
7058
1076
7054
1080
7061
1079
7052
1074
7053
1080
7057
1072
7057
1076
7055
1071
7052
1076
7058
1076
7058
1074
7058
1079
7054
1072
7055
1071
7058
1066
7057
1068
7060
1066
7056
1064
7061
1067
7055
1061
7055
1063
7059
1060
7062
1063
7060
1064
7053
1061
7059
1059
7060
1058
7055
1059
7058
1062
7057
1056
7066
1059
7056
1057
7058
1055
7053
1055
7059
1055
7059
1051
7054
1054
7064
1050
7059
1049
7066
1047
7058
1050
7056
1047
7059
1047
7058
1048
7053
1047
7060
1042
7065
1046
7061
1041
7062
1042
7063
1041
7065
1038
7063
1041
7059
1037
7063
1036
7058
1033
7057
1031
7062
1031
7064
1032
7064
1036
7061
1031
7059
1041
7063
1039
7065
1032
7060
1031
7057
1032
7060
1025
7061
1027
7062
1024
7061
1023
7060
1024
7067
1026
7062
1025
7063
1022
7061
1021
7064
1021
7060
1018
7064
1026
7069
1023
7068
1024
7066
1024
7067
1023
7063
1023
7062
1020
7061
1018
7062
1015
7063
1015
7062
1014
7066
1013
7065
1012
7066
1010
7063
1016
7061
1012
7059
1016
7063
1012
7058
1009
7062
1010
7060
1010
7066
1005
7070
1006
7068
1004
7069
1004
7067
1000
7070
1002
7068
998
7066
1001
7069
994
7070
994
7069
996
7062
998
7067
998
7063
995
7062
996
7063
994
7065
990
7068
989
7068
986
7072
987
7073
989
7068
985
7071
982
7065
982
7066
979
7070
980
7066
978
7068
983
7073
980
7070
978
7068
977
7068
985
7073
975
7070
975
7074
974
7067
973
7070
970
7074
969
7076
975
7069
969
7070
969
7078
971
7073
968
7070
969
7066
965
7071
967
7072
961
7070
970
7073
968
7076
964
7070
970
7080
969
7088
965
7065
961
7069
962
7070
961
7075
955
7072
959
7073
957
7068
958
7076
957
7069
959
7075
960
7070
957
7069
957
7068
950
7071
954
7074
954
7074
953
7082
949
7069
947
7073
956
7076
946
7075
947
7072
946
7072
948
7079
944
7072
939
7077
945
7072
949
7069
947
7077
947
7078
944
7069
940
7067
934
7079
935
7076
931
7076
934
7075
931
7075
931
7078
934
7074
936
7075
933
7078
931
7074
938
7070
936
7075
927
7080
933
7078
924
7080
931
7078
923
7081
926
7083
925
7074
927
7075
921
7080
919
7079
923
7077
920
7076
920
7084
919
7075
917
7077
921
7072
916
7075
919
7077
915
7073
915
7077
916
7072
909
7077
911
7078
911
7075
912
7081
909
7074
908
7075
909
7075
904
7084
906
7080
902
7079
905
7080
907
7078
905
7081
906
7073
905
7075
900
7077
900
7075
896
7078
899
7077
894
7086
900
7081
894
7078
900
7084
894
7081
893
7083
894
7074
890
7081
892
7081
886
7084
893
7080
895
7078
891
7084
891
7078
885
7081
889
7077
881
7082
888
7079
879
7081
890
7081
882
7082
883
7082
882
7077
881
7076
886
7082
879
7079
874
7085
878
7076
876
7084
871
7080
876
7087
874
7082
873
7088
871
7085
871
7079
868
7079
865
7082
864
7082
861
7081
862
7083
866
7088
865
7083
863
7078
867
7078
859
7078
865
7087
856
7079
854
7081
859
7086
853
7088
851
7083
853
7083
854
7089
853
7085
847
7087
848
7081
847
7083
852
7084
847
7087
857
7090
851
7086
854
7090
854
7083
853
7088
851
7091
848
7087
838
7087
839
7081
841
7087
846
7089
838
7092
845
7090
844
7088
840
7082
839
7084
840
7083
837
7090
838
7085
834
7090
835
7088
839
7089
836
7087
833
7089
832
7083
833
7086
830
7090
831
7091
829
7085
829
7092
826
7091
827
7084
828
7082
830
7089
831
7086
826
7089
818
7084
820
7091
822
7090
815
7092
817
7091
817
7084
817
7092
815
7088
810
7082
812
7089
811
7087
810
7090
809
7086
810
7091
810
7089
808
7087
814
7090
815
7086
805
7089
805
7086
802
7087
803
7091
800
7093
807
7093
805
7090
805
7089
806
7089
804
7095
809
7089
800
7091
805
7093
798
7092
802
7092
804
7091
801
7094
801
7095
796
7093
797
7097
795
7088
794
7088
793
7087
791
7097
791
7089
789
7088
794
7087
792
7090
793
7090
790
7093
790
7093
794
7092
786
7092
786
7092
786
7091
788
7096
787
7095
785
7097
785
7091
784
7091
782
7094
779
0
1588
1168
1152
1360
1616
1556
1040
1360
1256
1066
2026
1508
1312
1192
1462
1549
1160
1324
1152
1926
1384
1853
1154
1684
1493
1750
1280
1280
1370
1538
1065
1362
1394
1241
1035
1521
1254
1159
1125
1862
1868
1766
1190
1988
1262
1152
1640
1674
1796
1594
1062
1445
1661
1067
1566
1526
2031
1401
1746
1222
1667
1205
1970
1822
1944
1931
1205
2009
1086
2037
1192
1258
1980
1738
1058
1152
1203
1891
1098
1154
1556
1350
1597
1940
1620
1580
1980
1802
1563
1238
1352
1346
1558
1599
1594
1549
1533
1274
1428
1109
1794
1770
1562
1686
1417
2010
1352
1110
1462
1250
1342
1906
1387
1764
1515
1180
1254
1867
1279
1135
1901
1151
1429
1750
1359
1683
1565
1062
1355
1884
1473
1045
1156
1650
1583
1428
1357
1773
1525
1099
1162
1164
1212
1126
1064
1418
1494
1210
1723
1025
1706
1913
1303
1350
1795
1162
1640
1530
1184
1170
1896
1459
1828
1402
1641
1149
1327
2037
1537
1745
1998
1315
1188
1030
1989
1935
1354
1192
1398
1832
1912
1295
1774
1113
1416
1158
1563
1791
1425
1780
1599
1926
1825
1061
1049
1668
1069
1146
1862
1834
1812
1356
1764
1402
1258
1806
1296
1940
1280
1910
1954
1561
1260
1341
1160
1113
1315
1239
1145
1788
1447
1167
1534
1921
1620
1662
1134
1090
1034
1220
1973
1484
1481
1769
1588
1553
1102
1202
1305
1225
1025
1378
1241
1186
1508
1603
1113
1204
1458
1350
1729
1425
1422
1179
1805
1751
1954
1137
1451
1962
1800
1466
1508
1025
1768
1341
1267
1385
1803
1462
1810
1985
1172
1168
7133
385
7130
386
7127
390
7126
386
7129
390
7126
385
7122
389
7131
380
7127
390
7123
386
7120
386
7131
388
7128
389
7126
395
7126
396
7126
394
7126
394
7127
395
7125
401
7127
399
7123
401
7124
399
7121
398
7123
397
7126
396
7121
398
7125
403
7118
402
7127
402
7122
408
7123
410
7120
408
7125
412
7123
408
7121
411
7127
406
7122
414
7124
415
7121
409
7118
413
7125
413
7126
418
7128
415
7125
414
7126
415
7124
416
7130
418
7126
419
7123
422
7127
423
7119
423
7129
429
7126
427
7120
427
7129
425
7121
424
7124
427
7123
425
7125
430
7129
428
7122
431
7126
431
7128
430
7127
432
7123
430
7120
434
7125
431
7122
436
7123
436
7120
441
7127
441
7122
441
7126
437
7125
439
7129
440
7126
436
7123
435
7125
442
7126
441
7123
448
7126
443
7124
445
7132
447
7122
449
7121
449
7119
448
7125
453
7123
453
7119
453
7121
458
7122
454
7122
458
7122
454
7124
457
7127
459
7123
457
7127
461
7118
459
7115
466
7117
467
7119
466
7119
464
7120
466
7126
465
7116
462
7115
469
7116
464
7115
470
7116
469
7113
472
7126
468
7123
469
7119
474
7120
472
7119
474
7118
472
7114
477
7118
476
7119
479
7121
478
7117
476
7119
481
7123
476
7119
480
7115
481
7111
479
7122
481
7117
482
7115
489
7116
490
7120
485
7119
493
7117
489
7119
495
7118
491
7117
494
7124
496
7113
498
7118
498
7117
494
7123
501
7110
483
7112
490
7122
497
7119
494
7120
500
7123
498
7117
507
7122
499
7120
511
7125
505
7118
509
7121
506
7116
505
7118
508
7121
504
7119
507
7120
508
7118
507
7125
513
7120
510
7123
512
7124
508
7113
510
7120
513
7120
516
7124
516
7121
520
7113
519
7120
521
7119
518
7123
519
7120
512
7120
524
7118
516
7114
519
7126
515
7114
524
7118
525
7118
523
7115
524
7122
524
7119
527
7120
531
7116
527
7111
535
7120
531
7118
536
7117
535
7116
538
7123
537
7114
531
7119
537
7119
538
7121
539
7118
536
7112
538
7116
542
7117
535
7119
542
7117
538
7114
542
7121
538
7118
540
7116
543
7111
545
7119
546
7117
541
7118
547
7124
551
7119
546
7117
548
7119
545
7117
554
7117
552
7114
557
7116
554
7116
559
7117
560
7115
554
7111
560
7112
558
7119
559
7117
557
7114
557
7117
564
7119
558
7118
562
7115
565
7110
567
7122
560
7117
565
7114
565
7107
565
7108
566
7116
568
7114
570
7115
573
7116
570
7115
568
7120
567
7117
574
7120
569
7109
571
7115
572
7114
579
7119
579
7114
577
7112
579
7114
582
7111
584
7115
584
7112
582
7112
586
7113
587
7110
588
7117
585
7110
588
7122
586
7108
585
7114
585
7108
587
7112
588
7110
591
7110
590
7112
596
7115
591
7115
595
7116
591
7115
597
7117
589
7113
594
7122
595
7111
599
7113
600
7111
597
7107
601
7111
603
7110
605
7108
600
7114
604
7113
609
7111
603
7105
608
7107
606
7110
612
7116
614
7109
608
7113
611
7117
612
7112
610
7112
611
7102
612
7109
616
7109
614
7106
618
7116
614
7114
624
7113
619
7105
617
7105
620
7104
619
7108
625
7105
624
7109
625
7115
629
7111
623
7109
623
7111
617
7106
624
7113
619
7106
622
7107
624
7106
627
7111
630
7105
625
7109
629
7114
632
7110
629
7108
634
7104
628
7108
638
7109
632
7110
641
7107
636
7106
640
7111
638
7108
636
7111
639
7113
644
7108
644
7111
643
7105
642
7109
653
7110
650
7109
653
7113
646
7107
651
7108
652
7104
652
7105
650
7102
655
7104
656
7108
652
7106
656
7108
658
7112
661
7108
657
7106
654
7108
661
7110
658
7102
662
7110
662
7107
666
7108
662
7108
664
7105
660
7109
660
7101
660
7106
662
7113
659
7104
665
7104
666
7103
671
7110
666
7103
671
7106
672
7105
673
7106
671
7104
671
7102
675
7107
675
7098
674
7104
677
7104
674
7103
679
7109
674
7103
678
7107
679
7100
679
7105
678
7100
681
7102
686
7106
687
7104
684
7103
688
7104
689
7105
687
7102
683
7103
689
7104
687
7103
693
7106
686
7102
694
7106
693
7105
694
7108
691
7104
695
7100
696
7107
698
7103
694
7106
699
7106
678
7105
707
7109
694
7109
700
7106
703
7102
697
7101
698
7102
700
7099
703
7099
702
7100
703
7104
708
7103
709
7099
712
7107
706
7098
713
7101
709
7096
711
7105
711
7105
716
7104
716
7104
715
7103
714
7105
714
7096
713
7097
718
7102
714
7098
723
7104
723
7092
725
7108
725
7106
732
7108
729
7105
732
7105
727
7097
732
7098
733
7098
729
7094
729
7096
733
7097
729
7099
738
7106
725
7090
737
7103
731
7102
738
7100
735
7102
740
7096
737
7100
743
7100
740
7102
745
7098
743
7098
745
7099
739
7098
743
7090
743
7093
747
7101
741
7103
749
7104
748
7103
749
7102
748
7105
751
7097
749
7095
752
7095
747
7101
753
7102
753
7098
761
7104
753
7095
757
7096
755
7094
754
7096
752
7095
753
7092
760
7098
761
7099
756
7101
765
7093
759
7097
766
7097
759
7096
767
7100
761
7099
766
7095
765
7094
762
7099
767
7098
769
7099
765
7104
769
7098
767
7099
773
7100
766
7096
774
7093
777
7088
778
7097
776
7097
781
7097
781
7095
782
7090
783
7101
778
7088
780
7093
783
7090
781
7096
784
7095
782
7095
0
1588
1168
1152
1360
1616
1556
1040
1360
1256
1066
2026
1508
1312
1192
1462
1549
1160
1324
1152
1926
1384
1853
1154
1684
1493
1750
1280
1280
1370
1538
1065
1362
1394
1241
1035
1521
1254
1159
1125
1862
1868
1766
1190
1988
1262
1152
1640
1674
1796
1594
1062
1445
1661
1067
1566
1526
2031
1401
1746
1222
1667
1205
1970
1822
1944
1931
1205
2009
1086
2037
1192
1258
1980
1738
1058
1152
1203
1891
1098
1154
1556
1350
1597
1940
1620
1580
1980
1802
1563
1238
1352
1346
1558
1599
1594
1549
1533
1274
1428
1109
1794
1770
1562
1686
1417
2010
1352
1110
1462
1250
1342
1906
1387
1764
1515
1180
1254
1867
1279
1135
1901
1151
1429
1750
1359
1683
1565
1062
1355
1884
1473
1045
1156
1650
1583
1428
1357
1773
1525
1099
1162
1164
1212
1126
1064
1418
1494
1210
1723
1025
1706
1913
1303
1350
1795
1162
1640
1530
1184
1170
1896
1459
1828
1402
1641
1149
1327
2037
1537
1745
1998
1315
1188
1030
1989
1935
1354
1192
1398
1832
1912
1295
1774
1113
1416
1158
1563
1791
1425
1780
1599
1926
1825
1061
1049
1668
1069
1146
1862
1834
1812
1356
1764
1402
1258
1806
1296
1940
1280
1910
1954
1561
1260
1341
1160
1113
1315
1239
1145
1788
1447
1167
1534
1921
1620
1662
1134
1090
1034
1220
1973
1484
1481
1769
1588
1553
1102
1202
1305
1225
1025
1378
1241
1186
1508
1603
1113
1204
1458
1350
1729
1425
1422
1179
1805
1751
1954
1137
1451
1962
1800
1466
1508
1025
1768
1341
1267
1385
1803
1462
1810
1985
1172
1168
7133
385
7130
386
7127
390
7126
386
7129
390
7126
385
7122
389
7131
380
7127
390
7123
386
7120
386
7131
388
7128
389
7126
395
7126
396
7126
394
7126
394
7127
395
7125
401
7127
399
7123
401
7124
399
7121
398
7123
397
7126
396
7121
398
7125
403
7118
402
7127
402
7122
408
7123
410
7120
408
7125
412
7123
408
7121
411
7127
406
7122
414
7124
415
7121
409
7118
413
7125
413
7126
418
7128
415
7125
414
7126
415
7124
416
7130
418
7126
419
7123
422
7127
423
7119
423
7129
429
7126
427
7120
427
7129
425
7121
424
7124
427
7123
425
7125
430
7129
428
7122
431
7126
431
7128
430
7127
432
7123
430
7120
434
7125
431
7122
436
7123
436
7120
441
7127
441
7122
441
7126
437
7125
439
7129
440
7126
436
7123
435
7125
442
7126
441
7123
448
7126
443
7124
445
7132
447
7122
449
7121
449
7119
448
7125
453
7123
453
7119
453
7121
458
7122
454
7122
458
7122
454
7124
457
7127
459
7123
457
7127
461
7118
459
7115
466
7117
467
7119
466
7119
464
7120
466
7126
465
7116
462
7115
469
7116
464
7115
470
7116
469
7113
472
7126
468
7123
469
7119
474
7120
472
7119
474
7118
472
7114
477
7118
476
7119
479
7121
478
7117
476
7119
481
7123
476
7119
480
7115
481
7111
479
7122
481
7117
482
7115
489
7116
490
7120
485
7119
493
7117
489
7119
495
7118
491
7117
494
7124
496
7113
498
7118
498
7117
494
7123
501
7110
483
7112
490
7122
497
7119
494
7120
500
7123
498
7117
507
7122
499
7120
511
7125
505
7118
509
7121
506
7116
505
7118
508
7121
504
7119
507
7120
508
7118
507
7125
513
7120
510
7123
512
7124
508
7113
510
7120
513
7120
516
7124
516
7121
520
7113
519
7120
521
7119
518
7123
519
7120
512
7120
524
7118
516
7114
519
7126
515
7114
524
7118
525
7118
523
7115
524
7122
524
7119
527
7120
531
7116
527
7111
535
7120
531
7118
536
7117
535
7116
538
7123
537
7114
531
7119
537
7119
538
7121
539
7118
536
7112
538
7116
542
7117
535
7119
542
7117
538
7114
542
7121
538
7118
540
7116
543
7111
545
7119
546
7117
541
7118
547
7124
551
7119
546
7117
548
7119
545
7117
554
7117
552
7114
557
7116
554
7116
559
7117
560
7115
554
7111
560
7112
558
7119
559
7117
557
7114
557
7117
564
7119
558
7118
562
7115
565
7110
567
7122
560
7117
565
7114
565
7107
565
7108
566
7116
568
7114
570
7115
573
7116
570
7115
568
7120
567
7117
574
7120
569
7109
571
7115
572
7114
579
7119
579
7114
577
7112
579
7114
582
7111
584
7115
584
7112
582
7112
586
7113
587
7110
588
7117
585
7110
588
7122
586
7108
585
7114
585
7108
587
7112
588
7110
591
7110
590
7112
596
7115
591
7115
595
7116
591
7115
597
7117
589
7113
594
7122
595
7111
599
7113
600
7111
597
7107
601
7111
603
7110
605
7108
600
7114
604
7113
609
7111
603
7105
608
7107
606
7110
612
7116
614
7109
608
7113
611
7117
612
7112
610
7112
611
7102
612
7109
616
7109
614
7106
618
7116
614
7114
624
7113
619
7105
617
7105
620
7104
619
7108
625
7105
624
7109
625
7115
629
7111
623
7109
623
7111
617
7106
624
7113
619
7106
622
7107
624
7106
627
7111
630
7105
625
7109
629
7114
632
7110
629
7108
634
7104
628
7108
638
7109
632
7110
641
7107
636
7106
640
7111
638
7108
636
7111
639
7113
644
7108
644
7111
643
7105
642
7109
653
7110
650
7109
653
7113
646
7107
651
7108
652
7104
652
7105
650
7102
655
7104
656
7108
652
7106
656
7108
658
7112
661
7108
657
7106
654
7108
661
7110
658
7102
662
7110
662
7107
666
7108
662
7108
664
7105
660
7109
660
7101
660
7106
662
7113
659
7104
665
7104
666
7103
671
7110
666
7103
671
7106
672
7105
673
7106
671
7104
671
7102
675
7107
675
7098
674
7104
677
7104
674
7103
679
7109
674
7103
678
7107
679
7100
679
7105
678
7100
681
7102
686
7106
687
7104
684
7103
688
7104
689
7105
687
7102
683
7103
689
7104
687
7103
693
7106
686
7102
694
7106
693
7105
694
7108
691
7104
695
7100
696
7107
698
7103
694
7106
699
7106
678
7105
707
7109
694
7109
700
7106
703
7102
697
7101
698
7102
700
7099
703
7099
702
7100
703
7104
708
7103
709
7099
712
7107
706
7098
713
7101
709
7096
711
7105
711
7105
716
7104
716
7104
715
7103
714
7105
714
7096
713
7097
718
7102
714
7098
723
7104
723
7092
725
7108
725
7106
732
7108
729
7105
732
7105
727
7097
732
7098
733
7098
729
7094
729
7096
733
7097
729
7099
738
7106
725
7090
737
7103
731
7102
738
7100
735
7102
740
7096
737
7100
743
7100
740
7102
745
7098
743
7098
745
7099
739
7098
743
7090
743
7093
747
7101
741
7103
749
7104
748
7103
749
7102
748
7105
751
7097
749
7095
752
7095
747
7101
753
7102
753
7098
761
7104
753
7095
757
7096
755
7094
754
7096
752
7095
753
7092
760
7098
761
7099
756
7101
765
7093
759
7097
766
7097
759
7096
767
7100
761
7099
766
7095
765
7094
762
7099
767
7098
769
7099
765
7104
769
7098
767
7099
773
7100
766
7096
774
7093
777
7088
778
7097
776
7097
781
7097
781
7095
782
7090
783
7101
778
7088
780
7093
783
7090
781
7096
784
7095
782
7095
0
1588
1168
1152
1360
1616
1556
1040
1360
1256
1066
2026
1508
1312
1192
1462
1549
1160
1324
1152
1926
1384
1853
1154
1684
1493
1750
1280
1280
1370
1538
1065
1362
1394
1241
1035
1521
1254
1159
1125
1862
1868
1766
1190
1988
1262
1152
1640
1674
1796
1594
1062
1445
1661
1067
1566
1526
2031
1401
1746
1222
1667
1205
1970
1822
1944
1931
1205
2009
1086
2037
1192
1258
1980
1738
1058
1152
1203
1891
1098
1154
1556
1350
1597
1940
1620
1580
1980
1802
1563
1238
1352
1346
1558
1599
1594
1549
1533
1274
1428
1109
1794
1770
1562
1686
1417
2010
1352
1110
1462
1250
1342
1906
1387
1764
1515
1180
1254
1867
1279
1135
1901
1151
1429
1750
1359
1683
1565
1062
1355
1884
1473
1045
1156
1650
1583
1428
1357
1773
1525
1099
1162
1164
1212
1126
1064
1418
1494
1210
1723
1025
1706
1913
1303
1350
1795
1162
1640
1530
1184
1170
1896
1459
1828
1402
1641
1149
1327
2037
1537
1745
1998
1315
1188
1030
1989
1935
1354
1192
1398
1832
1912
1295
1774
1113
1416
1158
1563
1791
1425
1780
1599
1926
1825
1061
1049
1668
1069
1146
1862
1834
1812
1356
1764
1402
1258
1806
1296
1940
1280
1910
1954
1561
1260
1341
1160
1113
1315
1239
1145
1788
1447
1167
1534
1921
1620
1662
1134
1090
1034
1220
1973
1484
1481
1769
1588
1553
1102
1202
1305
1225
1025
1378
1241
1186
1508
1603
1113
1204
1458
1350
1729
1425
1422
1179
1805
1751
1954
1137
1451
1962
1800
1466
1508
1025
1768
1341
1267
1385
1803
1462
1810
1985
1172
1168
7133
385
7130
386
7127
390
7126
386
7129
390
7126
385
7122
389
7131
380
7127
390
7123
386
7120
386
7131
388
7128
389
7126
395
7126
396
7126
394
7126
394
7127
395
7125
401
7127
399
7123
401
7124
399
7121
398
7123
397
7126
396
7121
398
7125
403
7118
402
7127
402
7122
408
7123
410
7120
408
7125
412
7123
408
7121
411
7127
406
7122
414
7124
415
7121
409
7118
413
7125
413
7126
418
7128
415
7125
414
7126
415
7124
416
7130
418
7126
419
7123
422
7127
423
7119
423
7129
429
7126
427
7120
427
7129
425
7121
424
7124
427
7123
425
7125
430
7129
428
7122
431
7126
431
7128
430
7127
432
7123
430
7120
434
7125
431
7122
436
7123
436
7120
441
7127
441
7122
441
7126
437
7125
439
7129
440
7126
436
7123
435
7125
442
7126
441
7123
448
7126
443
7124
445
7132
447
7122
449
7121
449
7119
448
7125
453
7123
453
7119
453
7121
458
7122
454
7122
458
7122
454
7124
457
7127
459
7123
457
7127
461
7118
459
7115
466
7117
467
7119
466
7119
464
7120
466
7126
465
7116
462
7115
469
7116
464
7115
470
7116
469
7113
472
7126
468
7123
469
7119
474
7120
472
7119
474
7118
472
7114
477
7118
476
7119
479
7121
478
7117
476
7119
481
7123
476
7119
480
7115
481
7111
479
7122
481
7117
482
7115
489
7116
490
7120
485
7119
493
7117
489
7119
495
7118
491
7117
494
7124
496
7113
498
7118
498
7117
494
7123
501
7110
483
7112
490
7122
497
7119
494
7120
500
7123
498
7117
507
7122
499
7120
511
7125
505
7118
509
7121
506
7116
505
7118
508
7121
504
7119
507
7120
508
7118
507
7125
513
7120
510
7123
512
7124
508
7113
510
7120
513
7120
516
7124
516
7121
520
7113
519
7120
521
7119
518
7123
519
7120
512
7120
524
7118
516
7114
519
7126
515
7114
524
7118
525
7118
523
7115
524
7122
524
7119
527
7120
531
7116
527
7111
535
7120
531
7118
536
7117
535
7116
538
7123
537
7114
531
7119
537
7119
538
7121
539
7118
536
7112
538
7116
542
7117
535
7119
542
7117
538
7114
542
7121
538
7118
540
7116
543
7111
545
7119
546
7117
541
7118
547
7124
551
7119
546
7117
548
7119
545
7117
554
7117
552
7114
557
7116
554
7116
559
7117
560
7115
554
7111
560
7112
558
7119
559
7117
557
7114
557
7117
564
7119
558
7118
562
7115
565
7110
567
7122
560
7117
565
7114
565
7107
565
7108
566
7116
568
7114
570
7115
573
7116
570
7115
568
7120
567
7117
574
7120
569
7109
571
7115
572
7114
579
7119
579
7114
577
7112
579
7114
582
7111
584
7115
584
7112
582
7112
586
7113
587
7110
588
7117
585
7110
588
7122
586
7108
585
7114
585
7108
587
7112
588
7110
591
7110
590
7112
596
7115
591
7115
595
7116
591
7115
597
7117
589
7113
594
7122
595
7111
599
7113
600
7111
597
7107
601
7111
603
7110
605
7108
600
7114
604
7113
609
7111
603
7105
608
7107
606
7110
612
7116
614
7109
608
7113
611
7117
612
7112
610
7112
611
7102
612
7109
616
7109
614
7106
618
7116
614
7114
624
7113
619
7105
617
7105
620
7104
619
7108
625
7105
624
7109
625
7115
629
7111
623
7109
623
7111
617
7106
624
7113
619
7106
622
7107
624
7106
627
7111
630
7105
625
7109
629
7114
632
7110
629
7108
634
7104
628
7108
638
7109
632
7110
641
7107
636
7106
640
7111
638
7108
636
7111
639
7113
644
7108
644
7111
643
7105
642
7109
653
7110
650
7109
653
7113
646
7107
651
7108
652
7104
652
7105
650
7102
655
7104
656
7108
652
7106
656
7108
658
7112
661
7108
657
7106
654
7108
661
7110
658
7102
662
7110
662
7107
666
7108
662
7108
664
7105
660
7109
660
7101
660
7106
662
7113
659
7104
665
7104
666
7103
671
7110
666
7103
671
7106
672
7105
673
7106
671
7104
671
7102
675
7107
675
7098
674
7104
677
7104
674
7103
679
7109
674
7103
678
7107
679
7100
679
7105
678
7100
681
7102
686
7106
687
7104
684
7103
688
7104
689
7105
687
7102
683
7103
689
7104
687
7103
693
7106
686
7102
694
7106
693
7105
694
7108
691
7104
695
7100
696
7107
698
7103
694
7106
699
7106
678
7105
707
7109
694
7109
700
7106
703
7102
697
7101
698
7102
700
7099
703
7099
702
7100
703
7104
708
7103
709
7099
712
7107
706
7098
713
7101
709
7096
711
7105
711
7105
716
7104
716
7104
715
7103
714
7105
714
7096
713
7097
718
7102
714
7098
723
7104
723
7092
725
7108
725
7106
732
7108
729
7105
732
7105
727
7097
732
7098
733
7098
729
7094
729
7096
733
7097
729
7099
738
7106
725
7090
737
7103
731
7102
738
7100
735
7102
740
7096
737
7100
743
7100
740
7102
745
7098
743
7098
745
7099
739
7098
743
7090
743
7093
747
7101
741
7103
749
7104
748
7103
749
7102
748
7105
751
7097
749
7095
752
7095
747
7101
753
7102
753
7098
761
7104
753
7095
757
7096
755
7094
754
7096
752
7095
753
7092
760
7098
761
7099
756
7101
765
7093
759
7097
766
7097
759
7096
767
7100
761
7099
766
7095
765
7094
762
7099
767
7098
769
7099
765
7104
769
7098
767
7099
773
7100
766
7096
774
7093
777
7088
778
7097
776
7097
781
7097
781
7095
782
7090
783
7101
778
7088
780
7093
783
7090
781
7096
784
7095
782
7095
0
1588
1168
1152
1360
1616
1556
1040
1360
1256
1066
2026
1508
1312
1192
1462
1549
1160
1324
1152
1926
1384
1853
1154
1684
1493
1750
1280
1280
1370
1538
1065
1362
1394
1241
1035
1521
1254
1159
1125
1862
1868
1766
1190
1988
1262
1152
1640
1674
1796
1594
1062
1445
1661
1067
1566
1526
2031
1401
1746
1222
1667
1205
1970
1822
1944
1931
1205
2009
1086
2037
1192
1258
1980
1738
1058
1152
1203
1891
1098
1154
1556
1350
1597
1940
1620
1580
1980
1802
1563
1238
1352
1346
1558
1599
1594
1549
1533
1274
1428
1109
1794
1770
1562
1686
1417
2010
1352
1110
1462
1250
1342
1906
1387
1764
1515
1180
1254
1867
1279
1135
1901
1151
1429
1750
1359
1683
1565
1062
1355
1884
1473
1045
1156
1650
1583
1428
1357
1773
1525
1099
1162
1164
1212
1126
1064
1418
1494
1210
1723
1025
1706
1913
1303
1350
1795
1162
1640
1530
1184
1170
1896
1459
1828
1402
1641
1149
1327
2037
1537
1745
1998
1315
1188
1030
1989
1935
1354
1192
1398
1832
1912
1295
1774
1113
1416
1158
1563
1791
1425
1780
1599
1926
1825
1061
1049
1668
1069
1146
1862
1834
1812
1356
1764
1402
1258
1806
1296
1940
1280
1910
1954
1561
1260
1341
1160
1113
1315
1239
1145
1788
1447
1167
1534
1921
1620
1662
1134
1090
1034
1220
1973
1484
1481
1769
1588
1553
1102
1202
1305
1225
1025
1378
1241
1186
1508
1603
1113
1204
1458
1350
1729
1425
1422
1179
1805
1751
1954
1137
1451
1962
1800
1466
1508
1025
1768
1341
1267
1385
1803
1462
1810
1985
1172
1168
