1651 2 2000 1 512 0
7015
1235
4104
-5830
-3525
-6191
-7100
554
-2525
6662
4957
5127
6744
-2300
790
-7083
-6067
-3737
-5966
3907
996
7056
6806
2108
4808
-5261
-2712
-6589
-7115
-347
-3346
6284
4267
5711
6982
-1426
1676
-6932
-5552
-4467
-6411
3117
90
7128
6492
2951
5429
-4610
-1859
-6880
-7014
-1248
-4118
5820
3510
6202
7102
-535
2548
-6662
-4946
-5137
-6745
2286
-815
7083
6039
3750
5977
-3892
-981
-7055
-6800
-2121
-4821
5250
2701
6592
7116
367
3365
-6281
-4251
-5716
-6986
1416
-1695
6923
5541
4487
6418
-3109
-82
-7127
-6481
-2967
-5446
4599
1842
6887
7017
1270
4134
-5806
-3491
-6208
-7112
516
-2564
6653
4923
5153
6757
-2262
828
-7079
-6053
-3764
-5982
3874
957
7064
6801
2145
4839
-5237
-2675
-6606
-7114
-384
-3380
6269
4236
5738
6989
-1394
1721
-6912
-5525
-4500
-6427
3081
54
7129
6470
2990
5455
-4581
-1823
-6887
-7010
-1283
-4154
5793
3469
6222
7113
-498
2577
-6649
-4913
-5161
-6760
2248
-849
7076
6044
3782
5993
-3856
-934
-7068
-6793
-2163
-4849
5222
2661
6614
7114
411
3396
-6265
-4223
-5743
-6991
1375
-1738
6912
5514
4515
6432
-3065
-37
-7131
-6464
-3004
-5470
4573
1807
6892
7007
1303
4158
-5784
-3462
-6232
-7112
484
-2590
6638
4897
5168
6763
-2232
860
-7068
-6033
-3793
-6000
3841
918
7067
6789
2175
4862
-5214
-2646
-6617
-7116
-427
-3415
6259
4209
5756
6999
-1354
1751
-6912
-5506
-4520
-6439
3068
19
7127
6456
3022
5479
-4563
-1792
-6897
-7006
-1316
-4176
5774
3451
6243
7112
-466
2606
-6630
-4885
-5180
-6774
2215
-877
7073
6027
3802
6008
-3834
-907
-7071
-6785
-2190
-4874
5207
2637
6625
7116
437
3430
-6249
-4195
-5759
-6995
1342
-1766
6903
5493
4539
6447
-3038
-3
-7121
-6450
-3033
-5489
4548
1775
6902
6995
1339
4192
-5764
-3431
-6248
-7113
443
-2631
6626
4875
5201
6783
-2193
900
-7071
-6013
-3826
-6028
3809
884
7078
6773
2210
4887
-5186
-2612
-6629
-7113
-459
-3442
6238
4173
5774
7002
-1320
1791
-6898
-5479
-4554
-6453
3017
-20
7126
6439
3056
5501
-4533
-1752
-6906
-7001
-1359
-4212
5758
3413
6259
7114
-424
2647
-6614
-4858
-5214
-6787
2182
-921
7064
6001
3842
6035
-3799
-870
-7075
-6767
-2230
-4903
5170
2592
6641
7109
482
3465
-6229
-4159
-5788
-7003
1295
-1807
6891
5465
4566
6464
-2997
44
-7128
-6437
-3068
-5516
4513
1732
6911
7000
1378
4223
-5744
-3396
-6264
-7110
401
-2669
6612
4849
5230
6790
-2159
943
-7061
-5992
-3859
-6043
3780
844
7071
6761
2249
4915
-5157
-2587
-6641
-7108
-498
-3479
6222
4147
5799
7013
-1283
1825
-6889
-5453
-4582
-6469
2986
-54
7128
6422
3083
5520
-4498
-1718
-6910
-6989
-1390
-4237
5733
3379
6272
7120
-384
2686
-6605
-4836
-5233
-6796
2142
-955
7061
5984
3876
6049
-3767
-825
-7078
-6756
-2269
-4930
5152
2563
6652
7113
516
3493
-6213
-4138
-5811
-7016
1269
-1842
6886
5447
4601
6480
-2968
71
-7125
-6418
-3101
-5539
4487
1704
6921
6988
1406
4243
-5723
-3363
-6282
-7126
370
-2692
6601
4821
5247
6802
-2124
972
-7058
-5977
-3884
-6056
3749
810
7077
6752
2278
4935
-5143
-2550
-6657
-7107
-528
-3505
6207
4128
5820
7018
-1255
1860
-6883
-5435
-4611
-6490
2956
-87
7121
6405
3111
5548
-4473
-1690
-6927
-6986
-1422
-4260
5715
3353
6295
7120
-357
2710
-6592
-4806
-5257
-6810
2109
-990
7059
5967
3903
6069
-3733
-791
-7078
-6745
-2295
-4947
5124
2525
6662
7106
549
3523
-6197
-4107
-5828
-7016
1231
-1898
6864
5418
4622
6492
-2934
114
-7119
-6402
-3137
-5564
4460
1670
6926
6979
1446
4281
-5695
-3338
-6299
-7119
335
-2726
6586
4798
5276
6814
-2096
1005
-7057
-5951
-3914
-6080
3715
777
7084
6739
2313
4962
-5110
-2513
-6669
-7110
-566
-3536
6188
4090
5835
7023
-1213
1897
-6875
-5412
-4641
-6505
2921
-128
7124
6394
3151
5572
-4441
-1648
-6929
-6976
-1463
-4293
5685
3319
6307
7118
-316
2751
-6577
-4779
-5287
-6827
2070
-1029
7057
5944
3938
6091
-3695
-750
-7086
-6734
-2334
-4981
5097
2486
6678
7101
588
3561
-6173
-4071
-5847
-7025
1191
-1915
6868
5404
4654
6510
-2900
152
-7125
-6389
-3171
-5585
4434
1628
6940
6967
1484
4311
-5675
-3300
-6313
-7118
299
-2768
6568
4765
5304
6826
-2056
1048
-7047
-5932
-3956
-6102
3681
737
7086
6723
2350
4992
-5082
-2475
-6690
-7102
-603
-3570
6163
4059
5855
7030
-1181
1931
-6862
-5384
-4668
-6518
2887
-164
7126
6376
3187
5594
-4416
-1610
-6945
-6975
-1504
-4324
5668
3283
6323
7117
-278
2782
-6566
-4760
-5308
-6825
2041
-1067
7048
5922
3971
6110
-3672
-722
-7090
-6722
-2369
-5005
5073
2461
6689
7099
623
3583
-6154
-4049
-5865
-7031
1165
-1945
6859
5372
4679
6523
-2870
182
-7125
-6371
-3196
-5607
4399
1593
6950
6969
1522
4338
-5650
-3269
-6333
-7123
258
-2799
6558
4741
5325
6832
-2021
1084
-7050
-5913
-3986
-6119
3658
700
7091
6713
2389
5023
-5057
-2439
-6692
-7093
-644
-3604
6141
4028
5877
7033
-1142
1963
-6849
-5360
-4694
-6532
2851
-201
7124
6360
3219
5614
-4387
-1574
-6951
-6958
-1534
-4347
5638
3250
6332
7121
-241
2812
-6550
-4734
-5331
-6833
2006
-1096
7044
5907
3996
6123
-3645
-683
-7097
-6711
-2403
-5031
5051
2429
6701
7097
662
3622
-6139
-4014
-5887
-7038
1127
-1978
6847
5357
4712
6541
-2832
212
-7118
-6350
-3230
-5628
4370
1558
6957
6953
1550
4365
-5635
-3235
-6346
-7125
224
-2831
6540
4706
5343
6840
-1983
1115
-7037
-5894
-4009
-6138
3625
664
7098
6705
2423
5043
-5039
-2407
-6708
-7096
-678
-3634
6133
3998
5893
7038
-1108
2001
-6848
-5345
-4717
-6545
2825
-233
7122
6349
3240
5638
-4358
-1546
-6956
-6949
-1569
-4380
5621
3220
6357
7124
-211
2844
-6536
-4701
-5358
-6852
1974
-1131
7041
5883
4018
6142
-3611
-650
-7098
-6700
-2432
-5057
5025
2397
6713
7097
698
3652
-6124
-3987
-5905
-7035
1085
-2017
6833
5329
4734
6551
-2806
253
-7114
-6336
-3264
-5653
4340
1526
6960
6951
1591
4397
-5611
-3203
-6367
-7123
191
-2861
6523
4683
5370
6849
-1953
1149
-7037
-5871
-4041
-6155
3595
632
7100
6694
0
1588
1168
1152
1360
1616
1556
1040
1360
1256
1066
2026
1508
1312
1192
1462
1549
1160
1324
1152
1926
1384
1853
1154
1684
1493
1750
1280
1280
1370
1538
1065
1362
1394
1241
1035
1521
1254
1159
1125
1862
1868
1766
1190
1988
1262
1152
1640
1674
1796
1594
1062
1445
1661
1067
1566
1526
2031
1401
1746
1222
1667
1205
1970
1822
1944
1931
1205
2009
1086
2037
1192
1258
1980
1738
1058
1152
1203
1891
1098
1154
1556
1350
1597
1940
1620
1580
1980
1802
1563
1238
1352
1346
1558
1599
1594
1549
1533
1274
1428
1109
1794
1770
1562
1686
1417
2010
1352
1110
1462
1250
1342
1906
1387
1764
1515
1180
1254
1867
1279
1135
1901
1151
1429
1750
1359
1683
1565
1062
1355
1884
1473
1045
1156
1650
1583
1428
1357
1773
1525
1099
1162
1164
1212
1126
1064
1418
1494
1210
1723
1025
1706
1913
1303
1350
1795
1162
1640
1530
1184
1170
1896
1459
1828
1402
1641
1149
1327
2037
1537
1745
1998
1315
1188
1030
1989
1935
1354
1192
1398
1832
1912
1295
1774
1113
1416
1158
1563
1791
1425
1780
1599
1926
1825
1061
1049
1668
1069
1146
1862
1834
1812
1356
1764
1402
1258
1806
1296
1940
1280
1910
1954
1561
1260
1341
1160
1113
1315
1239
1145
1788
1447
1167
1534
1921
1620
1662
1134
1090
1034
1220
1973
1484
1481
1769
1588
1553
1102
1202
1305
1225
1025
1378
1241
1186
1508
1603
1113
1204
1458
1350
1729
1425
1422
1179
1805
1751
1954
1137
1451
1962
1800
1466
1508
1025
1768
1341
1267
1385
1803
1462
1810
1985
1172
1168
7015
1235
4104
-5830
-3525
-6191
-7100
554
-2525
6662
4957
5127
6744
-2300
790
-7083
-6067
-3737
-5966
3907
996
7056
6806
2108
4808
-5261
-2712
-6589
-7115
-347
-3346
6284
4267
5711
6982
-1426
1676
-6932
-5552
-4467
-6411
3117
90
7128
6492
2951
5429
-4610
-1859
-6880
-7014
-1248
-4118
5820
3510
6202
7102
-535
2548
-6662
-4946
-5137
-6745
2286
-815
7083
6039
3750
5977
-3892
-981
-7055
-6800
-2121
-4821
5250
2701
6592
7116
367
3365
-6281
-4251
-5716
-6986
1416
-1695
6923
5541
4487
6418
-3109
-82
-7127
-6481
-2967
-5446
4599
1842
6887
7017
1270
4134
-5806
-3491
-6208
-7112
516
-2564
6653
4923
5153
6757
-2262
828
-7079
-6053
-3764
-5982
3874
957
7064
6801
2145
4839
-5237
-2675
-6606
-7114
-384
-3380
6269
4236
5738
6989
-1394
1721
-6912
-5525
-4500
-6427
3081
54
7129
6470
2990
5455
-4581
-1823
-6887
-7010
-1283
-4154
5793
3469
6222
7113
-498
2577
-6649
-4913
-5161
-6760
2248
-849
7076
6044
3782
5993
-3856
-934
-7068
-6793
-2163
-4849
5222
2661
6614
7114
411
3396
-6265
-4223
-5743
-6991
1375
-1738
6912
5514
4515
6432
-3065
-37
-7131
-6464
-3004
-5470
4573
1807
6892
7007
1303
4158
-5784
-3462
-6232
-7112
484
-2590
6638
4897
5168
6763
-2232
860
-7068
-6033
-3793
-6000
3841
918
7067
6789
2175
4862
-5214
-2646
-6617
-7116
-427
-3415
6259
4209
5756
6999
-1354
1751
-6912
-5506
-4520
-6439
3068
19
7127
6456
3022
5479
-4563
-1792
-6897
-7006
-1316
-4176
5774
3451
6243
7112
-466
2606
-6630
-4885
-5180
-6774
2215
-877
7073
6027
3802
6008
-3834
-907
-7071
-6785
-2190
-4874
5207
2637
6625
7116
437
3430
-6249
-4195
-5759
-6995
1342
-1766
6903
5493
4539
6447
-3038
-3
-7121
-6450
-3033
-5489
4548
1775
6902
6995
1339
4192
-5764
-3431
-6248
-7113
443
-2631
6626
4875
5201
6783
-2193
900
-7071
-6013
-3826
-6028
3809
884
7078
6773
2210
4887
-5186
-2612
-6629
-7113
-459
-3442
6238
4173
5774
7002
-1320
1791
-6898
-5479
-4554
-6453
3017
-20
7126
6439
3056
5501
-4533
-1752
-6906
-7001
-1359
-4212
5758
3413
6259
7114
-424
2647
-6614
-4858
-5214
-6787
2182
-921
7064
6001
3842
6035
-3799
-870
-7075
-6767
-2230
-4903
5170
2592
6641
7109
482
3465
-6229
-4159
-5788
-7003
1295
-1807
6891
5465
4566
6464
-2997
44
-7128
-6437
-3068
-5516
4513
1732
6911
7000
1378
4223
-5744
-3396
-6264
-7110
401
-2669
6612
4849
5230
6790
-2159
943
-7061
-5992
-3859
-6043
3780
844
7071
6761
2249
4915
-5157
-2587
-6641
-7108
-498
-3479
6222
4147
5799
7013
-1283
1825
-6889
-5453
-4582
-6469
2986
-54
7128
6422
3083
5520
-4498
-1718
-6910
-6989
-1390
-4237
5733
3379
6272
7120
-384
2686
-6605
-4836
-5233
-6796
2142
-955
7061
5984
3876
6049
-3767
-825
-7078
-6756
-2269
-4930
5152
2563
6652
7113
516
3493
-6213
-4138
-5811
-7016
1269
-1842
6886
5447
4601
6480
-2968
71
-7125
-6418
-3101
-5539
4487
1704
6921
6988
1406
4243
-5723
-3363
-6282
-7126
370
-2692
6601
4821
5247
6802
-2124
972
-7058
-5977
-3884
-6056
3749
810
7077
6752
2278
4935
-5143
-2550
-6657
-7107
-528
-3505
6207
4128
5820
7018
-1255
1860
-6883
-5435
-4611
-6490
2956
-87
7121
6405
3111
5548
-4473
-1690
-6927
-6986
-1422
-4260
5715
3353
6295
7120
-357
2710
-6592
-4806
-5257
-6810
2109
-990
7059
5967
3903
6069
-3733
-791
-7078
-6745
-2295
-4947
5124
2525
6662
7106
549
3523
-6197
-4107
-5828
-7016
1231
-1898
6864
5418
4622
6492
-2934
114
-7119
-6402
-3137
-5564
4460
1670
6926
6979
1446
4281
-5695
-3338
-6299
-7119
335
-2726
6586
4798
5276
6814
-2096
1005
-7057
-5951
-3914
-6080
3715
777
7084
6739
2313
4962
-5110
-2513
-6669
-7110
-566
-3536
6188
4090
5835
7023
-1213
1897
-6875
-5412
-4641
-6505
2921
-128
7124
6394
3151
5572
-4441
-1648
-6929
-6976
-1463
-4293
5685
3319
6307
7118
-316
2751
-6577
-4779
-5287
-6827
2070
-1029
7057
5944
3938
6091
-3695
-750
-7086
-6734
-2334
-4981
5097
2486
6678
7101
588
3561
-6173
-4071
-5847
-7025
1191
-1915
6868
5404
4654
6510
-2900
152
-7125
-6389
-3171
-5585
4434
1628
6940
6967
1484
4311
-5675
-3300
-6313
-7118
299
-2768
6568
4765
5304
6826
-2056
1048
-7047
-5932
-3956
-6102
3681
737
7086
6723
2350
4992
-5082
-2475
-6690
-7102
-603
-3570
6163
4059
5855
7030
-1181
1931
-6862
-5384
-4668
-6518
2887
-164
7126
6376
3187
5594
-4416
-1610
-6945
-6975
-1504
-4324
5668
3283
6323
7117
-278
2782
-6566
-4760
-5308
-6825
2041
-1067
7048
5922
3971
6110
-3672
-722
-7090
-6722
-2369
-5005
5073
2461
6689
7099
623
3583
-6154
-4049
-5865
-7031
1165
-1945
6859
5372
4679
6523
-2870
182
-7125
-6371
-3196
-5607
4399
1593
6950
6969
1522
4338
-5650
-3269
-6333
-7123
258
-2799
6558
4741
5325
6832
-2021
1084
-7050
-5913
-3986
-6119
3658
700
7091
6713
2389
5023
-5057
-2439
-6692
-7093
-644
-3604
6141
4028
5877
7033
-1142
1963
-6849
-5360
-4694
-6532
2851
-201
7124
6360
3219
5614
-4387
-1574
-6951
-6958
-1534
-4347
5638
3250
6332
7121
-241
2812
-6550
-4734
-5331
-6833
2006
-1096
7044
5907
3996
6123
-3645
-683
-7097
-6711
-2403
-5031
5051
2429
6701
7097
662
3622
-6139
-4014
-5887
-7038
1127
-1978
6847
5357
4712
6541
-2832
212
-7118
-6350
-3230
-5628
4370
1558
6957
6953
1550
4365
-5635
-3235
-6346
-7125
224
-2831
6540
4706
5343
6840
-1983
1115
-7037
-5894
-4009
-6138
3625
664
7098
6705
2423
5043
-5039
-2407
-6708
-7096
-678
-3634
6133
3998
5893
7038
-1108
2001
-6848
-5345
-4717
-6545
2825
-233
7122
6349
3240
5638
-4358
-1546
-6956
-6949
-1569
-4380
5621
3220
6357
7124
-211
2844
-6536
-4701
-5358
-6852
1974
-1131
7041
5883
4018
6142
-3611
-650
-7098
-6700
-2432
-5057
5025
2397
6713
7097
698
3652
-6124
-3987
-5905
-7035
1085
-2017
6833
5329
4734
6551
-2806
253
-7114
-6336
-3264
-5653
4340
1526
6960
6951
1591
4397
-5611
-3203
-6367
-7123
191
-2861
6523
4683
5370
6849
-1953
1149
-7037
-5871
-4041
-6155
3595
632
7100
6694
0
1588
1168
1152
1360
1616
1556
1040
1360
1256
1066
2026
1508
1312
1192
1462
1549
1160
1324
1152
1926
1384
1853
1154
1684
1493
1750
1280
1280
1370
1538
1065
1362
1394
1241
1035
1521
1254
1159
1125
1862
1868
1766
1190
1988
1262
1152
1640
1674
1796
1594
1062
1445
1661
1067
1566
1526
2031
1401
1746
1222
1667
1205
1970
1822
1944
1931
1205
2009
1086
2037
1192
1258
1980
1738
1058
1152
1203
1891
1098
1154
1556
1350
1597
1940
1620
1580
1980
1802
1563
1238
1352
1346
1558
1599
1594
1549
1533
1274
1428
1109
1794
1770
1562
1686
1417
2010
1352
1110
1462
1250
1342
1906
1387
1764
1515
1180
1254
1867
1279
1135
1901
1151
1429
1750
1359
1683
1565
1062
1355
1884
1473
1045
1156
1650
1583
1428
1357
1773
1525
1099
1162
1164
1212
1126
1064
1418
1494
1210
1723
1025
1706
1913
1303
1350
1795
1162
1640
1530
1184
1170
1896
1459
1828
1402
1641
1149
1327
2037
1537
1745
1998
1315
1188
1030
1989
1935
1354
1192
1398
1832
1912
1295
1774
1113
1416
1158
1563
1791
1425
1780
1599
1926
1825
1061
1049
1668
1069
1146
1862
1834
1812
1356
1764
1402
1258
1806
1296
1940
1280
1910
1954
1561
1260
1341
1160
1113
1315
1239
1145
1788
1447
1167
1534
1921
1620
1662
1134
1090
1034
1220
1973
1484
1481
1769
1588
1553
1102
1202
1305
1225
1025
1378
1241
1186
1508
1603
1113
1204
1458
1350
1729
1425
1422
1179
1805
1751
1954
1137
1451
1962
1800
1466
1508
1025
1768
1341
1267
1385
1803
1462
1810
1985
1172
1168
7015
1235
4104
-5830
-3525
-6191
-7100
554
-2525
6662
4957
5127
6744
-2300
790
-7083
-6067
-3737
-5966
3907
996
7056
6806
2108
4808
-5261
-2712
-6589
-7115
-347
-3346
6284
4267
5711
6982
-1426
1676
-6932
-5552
-4467
-6411
3117
90
7128
6492
2951
5429
-4610
-1859
-6880
-7014
-1248
-4118
5820
3510
6202
7102
-535
2548
-6662
-4946
-5137
-6745
2286
-815
7083
6039
3750
5977
-3892
-981
-7055
-6800
-2121
-4821
5250
2701
6592
7116
367
3365
-6281
-4251
-5716
-6986
1416
-1695
6923
5541
4487
6418
-3109
-82
-7127
-6481
-2967
-5446
4599
1842
6887
7017
1270
4134
-5806
-3491
-6208
-7112
516
-2564
6653
4923
5153
6757
-2262
828
-7079
-6053
-3764
-5982
3874
957
7064
6801
2145
4839
-5237
-2675
-6606
-7114
-384
-3380
6269
4236
5738
6989
-1394
1721
-6912
-5525
-4500
-6427
3081
54
7129
6470
2990
5455
-4581
-1823
-6887
-7010
-1283
-4154
5793
3469
6222
7113
-498
2577
-6649
-4913
-5161
-6760
2248
-849
7076
6044
3782
5993
-3856
-934
-7068
-6793
-2163
-4849
5222
2661
6614
7114
411
3396
-6265
-4223
-5743
-6991
1375
-1738
6912
5514
4515
6432
-3065
-37
-7131
-6464
-3004
-5470
4573
1807
6892
7007
1303
4158
-5784
-3462
-6232
-7112
484
-2590
6638
4897
5168
6763
-2232
860
-7068
-6033
-3793
-6000
3841
918
7067
6789
2175
4862
-5214
-2646
-6617
-7116
-427
-3415
6259
4209
5756
6999
-1354
1751
-6912
-5506
-4520
-6439
3068
19
7127
6456
3022
5479
-4563
-1792
-6897
-7006
-1316
-4176
5774
3451
6243
7112
-466
2606
-6630
-4885
-5180
-6774
2215
-877
7073
6027
3802
6008
-3834
-907
-7071
-6785
-2190
-4874
5207
2637
6625
7116
437
3430
-6249
-4195
-5759
-6995
1342
-1766
6903
5493
4539
6447
-3038
-3
-7121
-6450
-3033
-5489
4548
1775
6902
6995
1339
4192
-5764
-3431
-6248
-7113
443
-2631
6626
4875
5201
6783
-2193
900
-7071
-6013
-3826
-6028
3809
884
7078
6773
2210
4887
-5186
-2612
-6629
-7113
-459
-3442
6238
4173
5774
7002
-1320
1791
-6898
-5479
-4554
-6453
3017
-20
7126
6439
3056
5501
-4533
-1752
-6906
-7001
-1359
-4212
5758
3413
6259
7114
-424
2647
-6614
-4858
-5214
-6787
2182
-921
7064
6001
3842
6035
-3799
-870
-7075
-6767
-2230
-4903
5170
2592
6641
7109
482
3465
-6229
-4159
-5788
-7003
1295
-1807
6891
5465
4566
6464
-2997
44
-7128
-6437
-3068
-5516
4513
1732
6911
7000
1378
4223
-5744
-3396
-6264
-7110
401
-2669
6612
4849
5230
6790
-2159
943
-7061
-5992
-3859
-6043
3780
844
7071
6761
2249
4915
-5157
-2587
-6641
-7108
-498
-3479
6222
4147
5799
7013
-1283
1825
-6889
-5453
-4582
-6469
2986
-54
7128
6422
3083
5520
-4498
-1718
-6910
-6989
-1390
-4237
5733
3379
6272
7120
-384
2686
-6605
-4836
-5233
-6796
2142
-955
7061
5984
3876
6049
-3767
-825
-7078
-6756
-2269
-4930
5152
2563
6652
7113
516
3493
-6213
-4138
-5811
-7016
1269
-1842
6886
5447
4601
6480
-2968
71
-7125
-6418
-3101
-5539
4487
1704
6921
6988
1406
4243
-5723
-3363
-6282
-7126
370
-2692
6601
4821
5247
6802
-2124
972
-7058
-5977
-3884
-6056
3749
810
7077
6752
2278
4935
-5143
-2550
-6657
-7107
-528
-3505
6207
4128
5820
7018
-1255
1860
-6883
-5435
-4611
-6490
2956
-87
7121
6405
3111
5548
-4473
-1690
-6927
-6986
-1422
-4260
5715
3353
6295
7120
-357
2710
-6592
-4806
-5257
-6810
2109
-990
7059
5967
3903
6069
-3733
-791
-7078
-6745
-2295
-4947
5124
2525
6662
7106
549
3523
-6197
-4107
-5828
-7016
1231
-1898
6864
5418
4622
6492
-2934
114
-7119
-6402
-3137
-5564
4460
1670
6926
6979
1446
4281
-5695
-3338
-6299
-7119
335
-2726
6586
4798
5276
6814
-2096
1005
-7057
-5951
-3914
-6080
3715
777
7084
6739
2313
4962
-5110
-2513
-6669
-7110
-566
-3536
6188
4090
5835
7023
-1213
1897
-6875
-5412
-4641
-6505
2921
-128
7124
6394
3151
5572
-4441
-1648
-6929
-6976
-1463
-4293
5685
3319
6307
7118
-316
2751
-6577
-4779
-5287
-6827
2070
-1029
7057
5944
3938
6091
-3695
-750
-7086
-6734
-2334
-4981
5097
2486
6678
7101
588
3561
-6173
-4071
-5847
-7025
1191
-1915
6868
5404
4654
6510
-2900
152
-7125
-6389
-3171
-5585
4434
1628
6940
6967
1484
4311
-5675
-3300
-6313
-7118
299
-2768
6568
4765
5304
6826
-2056
1048
-7047
-5932
-3956
-6102
3681
737
7086
6723
2350
4992
-5082
-2475
-6690
-7102
-603
-3570
6163
4059
5855
7030
-1181
1931
-6862
-5384
-4668
-6518
2887
-164
7126
6376
3187
5594
-4416
-1610
-6945
-6975
-1504
-4324
5668
3283
6323
7117
-278
2782
-6566
-4760
-5308
-6825
2041
-1067
7048
5922
3971
6110
-3672
-722
-7090
-6722
-2369
-5005
5073
2461
6689
7099
623
3583
-6154
-4049
-5865
-7031
1165
-1945
6859
5372
4679
6523
-2870
182
-7125
-6371
-3196
-5607
4399
1593
6950
6969
1522
4338
-5650
-3269
-6333
-7123
258
-2799
6558
4741
5325
6832
-2021
1084
-7050
-5913
-3986
-6119
3658
700
7091
6713
2389
5023
-5057
-2439
-6692
-7093
-644
-3604
6141
4028
5877
7033
-1142
1963
-6849
-5360
-4694
-6532
2851
-201
7124
6360
3219
5614
-4387
-1574
-6951
-6958
-1534
-4347
5638
3250
6332
7121
-241
2812
-6550
-4734
-5331
-6833
2006
-1096
7044
5907
3996
6123
-3645
-683
-7097
-6711
-2403
-5031
5051
2429
6701
7097
662
3622
-6139
-4014
-5887
-7038
1127
-1978
6847
5357
4712
6541
-2832
212
-7118
-6350
-3230
-5628
4370
1558
6957
6953
1550
4365
-5635
-3235
-6346
-7125
224
-2831
6540
4706
5343
6840
-1983
1115
-7037
-5894
-4009
-6138
3625
664
7098
6705
2423
5043
-5039
-2407
-6708
-7096
-678
-3634
6133
3998
5893
7038
-1108
2001
-6848
-5345
-4717
-6545
2825
-233
7122
6349
3240
5638
-4358
-1546
-6956
-6949
-1569
-4380
5621
3220
6357
7124
-211
2844
-6536
-4701
-5358
-6852
1974
-1131
7041
5883
4018
6142
-3611
-650
-7098
-6700
-2432
-5057
5025
2397
6713
7097
698
3652
-6124
-3987
-5905
-7035
1085
-2017
6833
5329
4734
6551
-2806
253
-7114
-6336
-3264
-5653
4340
1526
6960
6951
1591
4397
-5611
-3203
-6367
-7123
191
-2861
6523
4683
5370
6849
-1953
1149
-7037
-5871
-4041
-6155
3595
632
7100
6694
0
1588
1168
1152
1360
1616
1556
1040
1360
1256
1066
2026
1508
1312
1192
1462
1549
1160
1324
1152
1926
1384
1853
1154
1684
1493
1750
1280
1280
1370
1538
1065
1362
1394
1241
1035
1521
1254
1159
1125
1862
1868
1766
1190
1988
1262
1152
1640
1674
1796
1594
1062
1445
1661
1067
1566
1526
2031
1401
1746
1222
1667
1205
1970
1822
1944
1931
1205
2009
1086
2037
1192
1258
1980
1738
1058
1152
1203
1891
1098
1154
1556
1350
1597
1940
1620
1580
1980
1802
1563
1238
1352
1346
1558
1599
1594
1549
1533
1274
1428
1109
1794
1770
1562
1686
1417
2010
1352
1110
1462
1250
1342
1906
1387
1764
1515
1180
1254
1867
1279
1135
1901
1151
1429
1750
1359
1683
1565
1062
1355
1884
1473
1045
1156
1650
1583
1428
1357
1773
1525
1099
1162
1164
1212
1126
1064
1418
1494
1210
1723
1025
1706
1913
1303
1350
1795
1162
1640
1530
1184
1170
1896
1459
1828
1402
1641
1149
1327
2037
1537
1745
1998
1315
1188
1030
1989
1935
1354
1192
1398
1832
1912
1295
1774
1113
1416
1158
1563
1791
1425
1780
1599
1926
1825
1061
1049
1668
1069
1146
1862
1834
1812
1356
1764
1402
1258
1806
1296
1940
1280
1910
1954
1561
1260
1341
1160
1113
1315
1239
1145
1788
1447
1167
1534
1921
1620
1662
1134
1090
1034
1220
1973
1484
1481
1769
1588
1553
1102
1202
1305
1225
1025
1378
1241
1186
1508
1603
1113
1204
1458
1350
1729
1425
1422
1179
1805
1751
1954
1137
1451
1962
1800
1466
1508
1025
1768
1341
1267
1385
1803
1462
1810
1985
1172
1168
7015
1235
4104
-5830
-3525
-6191
-7100
554
-2525
6662
4957
5127
6744
-2300
790
-7083
-6067
-3737
-5966
3907
996
7056
6806
2108
4808
-5261
-2712
-6589
-7115
-347
-3346
6284
4267
5711
6982
-1426
1676
-6932
-5552
-4467
-6411
3117
90
7128
6492
2951
5429
-4610
-1859
-6880
-7014
-1248
-4118
5820
3510
6202
7102
-535
2548
-6662
-4946
-5137
-6745
2286
-815
7083
6039
3750
5977
-3892
-981
-7055
-6800
-2121
-4821
5250
2701
6592
7116
367
3365
-6281
-4251
-5716
-6986
1416
-1695
6923
5541
4487
6418
-3109
-82
-7127
-6481
-2967
-5446
4599
1842
6887
7017
1270
4134
-5806
-3491
-6208
-7112
516
-2564
6653
4923
5153
6757
-2262
828
-7079
-6053
-3764
-5982
3874
957
7064
6801
2145
4839
-5237
-2675
-6606
-7114
-384
-3380
6269
4236
5738
6989
-1394
1721
-6912
-5525
-4500
-6427
3081
54
7129
6470
2990
5455
-4581
-1823
-6887
-7010
-1283
-4154
5793
3469
6222
7113
-498
2577
-6649
-4913
-5161
-6760
2248
-849
7076
6044
3782
5993
-3856
-934
-7068
-6793
-2163
-4849
5222
2661
6614
7114
411
3396
-6265
-4223
-5743
-6991
1375
-1738
6912
5514
4515
6432
-3065
-37
-7131
-6464
-3004
-5470
4573
1807
6892
7007
1303
4158
-5784
-3462
-6232
-7112
484
-2590
6638
4897
5168
6763
-2232
860
-7068
-6033
-3793
-6000
3841
918
7067
6789
2175
4862
-5214
-2646
-6617
-7116
-427
-3415
6259
4209
5756
6999
-1354
1751
-6912
-5506
-4520
-6439
3068
19
7127
6456
3022
5479
-4563
-1792
-6897
-7006
-1316
-4176
5774
3451
6243
7112
-466
2606
-6630
-4885
-5180
-6774
2215
-877
7073
6027
3802
6008
-3834
-907
-7071
-6785
-2190
-4874
5207
2637
6625
7116
437
3430
-6249
-4195
-5759
-6995
1342
-1766
6903
5493
4539
6447
-3038
-3
-7121
-6450
-3033
-5489
4548
1775
6902
6995
1339
4192
-5764
-3431
-6248
-7113
443
-2631
6626
4875
5201
6783
-2193
900
-7071
-6013
-3826
-6028
3809
884
7078
6773
2210
4887
-5186
-2612
-6629
-7113
-459
-3442
6238
4173
5774
7002
-1320
1791
-6898
-5479
-4554
-6453
3017
-20
7126
6439
3056
5501
-4533
-1752
-6906
-7001
-1359
-4212
5758
3413
6259
7114
-424
2647
-6614
-4858
-5214
-6787
2182
-921
7064
6001
3842
6035
-3799
-870
-7075
-6767
-2230
-4903
5170
2592
6641
7109
482
3465
-6229
-4159
-5788
-7003
1295
-1807
6891
5465
4566
6464
-2997
44
-7128
-6437
-3068
-5516
4513
1732
6911
7000
1378
4223
-5744
-3396
-6264
-7110
401
-2669
6612
4849
5230
6790
-2159
943
-7061
-5992
-3859
-6043
3780
844
7071
6761
2249
4915
-5157
-2587
-6641
-7108
-498
-3479
6222
4147
5799
7013
-1283
1825
-6889
-5453
-4582
-6469
2986
-54
7128
6422
3083
5520
-4498
-1718
-6910
-6989
-1390
-4237
5733
3379
6272
7120
-384
2686
-6605
-4836
-5233
-6796
2142
-955
7061
5984
3876
6049
-3767
-825
-7078
-6756
-2269
-4930
5152
2563
6652
7113
516
3493
-6213
-4138
-5811
-7016
1269
-1842
6886
5447
4601
6480
-2968
71
-7125
-6418
-3101
-5539
4487
1704
6921
6988
1406
4243
-5723
-3363
-6282
-7126
370
-2692
6601
4821
5247
6802
-2124
972
-7058
-5977
-3884
-6056
3749
810
7077
6752
2278
4935
-5143
-2550
-6657
-7107
-528
-3505
6207
4128
5820
7018
-1255
1860
-6883
-5435
-4611
-6490
2956
-87
7121
6405
3111
5548
-4473
-1690
-6927
-6986
-1422
-4260
5715
3353
6295
7120
-357
2710
-6592
-4806
-5257
-6810
2109
-990
7059
5967
3903
6069
-3733
-791
-7078
-6745
-2295
-4947
5124
2525
6662
7106
549
3523
-6197
-4107
-5828
-7016
1231
-1898
6864
5418
4622
6492
-2934
114
-7119
-6402
-3137
-5564
4460
1670
6926
6979
1446
4281
-5695
-3338
-6299
-7119
335
-2726
6586
4798
5276
6814
-2096
1005
-7057
-5951
-3914
-6080
3715
777
7084
6739
2313
4962
-5110
-2513
-6669
-7110
-566
-3536
6188
4090
5835
7023
-1213
1897
-6875
-5412
-4641
-6505
2921
-128
7124
6394
3151
5572
-4441
-1648
-6929
-6976
-1463
-4293
5685
3319
6307
7118
-316
2751
-6577
-4779
-5287
-6827
2070
-1029
7057
5944
3938
6091
-3695
-750
-7086
-6734
-2334
-4981
5097
2486
6678
7101
588
3561
-6173
-4071
-5847
-7025
1191
-1915
6868
5404
4654
6510
-2900
152
-7125
-6389
-3171
-5585
4434
1628
6940
6967
1484
4311
-5675
-3300
-6313
-7118
299
-2768
6568
4765
5304
6826
-2056
1048
-7047
-5932
-3956
-6102
3681
737
7086
6723
2350
4992
-5082
-2475
-6690
-7102
-603
-3570
6163
4059
5855
7030
-1181
1931
-6862
-5384
-4668
-6518
2887
-164
7126
6376
3187
5594
-4416
-1610
-6945
-6975
-1504
-4324
5668
3283
6323
7117
-278
2782
-6566
-4760
-5308
-6825
2041
-1067
7048
5922
3971
6110
-3672
-722
-7090
-6722
-2369
-5005
5073
2461
6689
7099
623
3583
-6154
-4049
-5865
-7031
1165
-1945
6859
5372
4679
6523
-2870
182
-7125
-6371
-3196
-5607
4399
1593
6950
6969
1522
4338
-5650
-3269
-6333
-7123
258
-2799
6558
4741
5325
6832
-2021
1084
-7050
-5913
-3986
-6119
3658
700
7091
6713
2389
5023
-5057
-2439
-6692
-7093
-644
-3604
6141
4028
5877
7033
-1142
1963
-6849
-5360
-4694
-6532
2851
-201
7124
6360
3219
5614
-4387
-1574
-6951
-6958
-1534
-4347
5638
3250
6332
7121
-241
2812
-6550
-4734
-5331
-6833
2006
-1096
7044
5907
3996
6123
-3645
-683
-7097
-6711
-2403
-5031
5051
2429
6701
7097
662
3622
-6139
-4014
-5887
-7038
1127
-1978
6847
5357
4712
6541
-2832
212
-7118
-6350
-3230
-5628
4370
1558
6957
6953
1550
4365
-5635
-3235
-6346
-7125
224
-2831
6540
4706
5343
6840
-1983
1115
-7037
-5894
-4009
-6138
3625
664
7098
6705
2423
5043
-5039
-2407
-6708
-7096
-678
-3634
6133
3998
5893
7038
-1108
2001
-6848
-5345
-4717
-6545
2825
-233
7122
6349
3240
5638
-4358
-1546
-6956
-6949
-1569
-4380
5621
3220
6357
7124
-211
2844
-6536
-4701
-5358
-6852
1974
-1131
7041
5883
4018
6142
-3611
-650
-7098
-6700
-2432
-5057
5025
2397
6713
7097
698
3652
-6124
-3987
-5905
-7035
1085
-2017
6833
5329
4734
6551
-2806
253
-7114
-6336
-3264
-5653
4340
1526
6960
6951
1591
4397
-5611
-3203
-6367
-7123
191
-2861
6523
4683
5370
6849
-1953
1149
-7037
-5871
-4041
-6155
3595
632
7100
6694
0
1588
1168
1152
1360
1616
1556
1040
1360
1256
1066
2026
1508
1312
1192
1462
1549
1160
1324
1152
1926
1384
1853
1154
1684
1493
1750
1280
1280
1370
1538
1065
1362
1394
1241
1035
1521
1254
1159
1125
1862
1868
1766
1190
1988
1262
1152
1640
1674
1796
1594
1062
1445
1661
1067
1566
1526
2031
1401
1746
1222
1667
1205
1970
1822
1944
1931
1205
2009
1086
2037
1192
1258
1980
1738
1058
1152
1203
1891
1098
1154
1556
1350
1597
1940
1620
1580
1980
1802
1563
1238
1352
1346
1558
1599
1594
1549
1533
1274
1428
1109
1794
1770
1562
1686
1417
2010
1352
1110
1462
1250
1342
1906
1387
1764
1515
1180
1254
1867
1279
1135
1901
1151
1429
1750
1359
1683
1565
1062
1355
1884
1473
1045
1156
1650
1583
1428
1357
1773
1525
1099
1162
1164
1212
1126
1064
1418
1494
1210
1723
1025
1706
1913
1303
1350
1795
1162
1640
1530
1184
1170
1896
1459
1828
1402
1641
1149
1327
2037
1537
1745
1998
1315
1188
1030
1989
1935
1354
1192
1398
1832
1912
1295
1774
1113
1416
1158
1563
1791
1425
1780
1599
1926
1825
1061
1049
1668
1069
1146
1862
1834
1812
1356
1764
1402
1258
1806
1296
1940
1280
1910
1954
1561
1260
1341
1160
1113
1315
1239
1145
1788
1447
1167
1534
1921
1620
1662
1134
1090
1034
1220
1973
1484
1481
1769
1588
1553
1102
1202
1305
1225
1025
1378
1241
1186
1508
1603
1113
1204
1458
1350
1729
1425
1422
1179
1805
1751
1954
1137
1451
1962
1800
1466
1508
1025
1768
1341
1267
1385
1803
1462
1810
1985
1172
1168
-7061
962
-2140
6796
5238
4830
6604
-2678
385
-7111
-6272
-3379
-5730
4239
1395
6989
6917
1712
4490
-5524
-3085
-6420
-7130
58
-2985
6473
4584
5455
6888
-1826
1283
-7011
-5797
-4143
-6221
3479
499
7107
6649
2574
5156
-4917
-2250
-6759
-7079
-842
-3770
6046
3862
5989
7062
-945
2152
-6794
-5234
-4846
-6607
2673
-396
7113
6262
3389
5736
-4227
-1381
-6989
-6913
-1728
-4508
5518
3077
6426
7129
-43
2998
-6469
-4578
-5467
-6894
1812
-1292
7012
5788
4153
6224
-3468
-487
-7110
-6640
-2589
-5169
4903
2234
6760
7071
860
3788
-6038
-3849
-6000
-7065
923
-2172
6786
5216
4863
6615
-2646
420
-7115
-6255
-3416
-5751
4209
1356
6992
6906
1754
4526
-5502
-3054
-6438
-7121
20
-3017
6452
4556
5481
6900
-1786
1323
-7005
-5777
-4178
-6240
3444
460
7116
6630
2611
5177
-4885
-2214
-6767
-7068
-882
-3802
6022
3826
6007
7066
-903
2196
-6783
-5203
-4872
-6624
2632
-442
7112
6251
3430
5761
-4195
-1342
-6999
-6903
-1772
-4538
5493
3038
6450
7125
-6
3028
-6452
-4543
-5489
-6905
1776
-1330
7005
5763
4187
6250
-3433
-446
-7111
-6626
-2627
-5201
4873
2196
6778
7071
895
3842
-6023
-3816
-6021
-7075
885
-2211
6779
5194
4887
6629
-2616
460
-7109
-6236
-3445
-5769
4176
1320
7003
6901
1793
4559
-5484
-3022
-6451
-7121
-18
-3049
6440
4532
5504
6907
-1760
1352
-6998
-5757
-4209
-6254
3415
424
7113
6616
2645
5216
-4859
-2179
-6788
-7066
-920
-3837
5997
3791
6031
7073
-865
2229
-6771
-5179
-4898
-6637
2595
-484
7113
6233
3464
5788
-4164
-1302
-7008
-6889
-1807
-4570
5469
3002
6459
7124
40
3070
-6432
-4513
-5518
-6915
1734
-1370
6995
5731
4212
6257
-3406
-399
-7118
-6607
-2664
-5227
4839
2158
6795
7062
938
3857
-5988
-3775
-6042
-7071
842
-2246
6763
5160
4908
6644
-2576
495
-7116
-6226
-3480
-5798
4149
1286
7008
6887
1825
4580
-5458
-2984
-6467
-7125
-53
-3082
6427
4504
5524
6912
-1720
1385
-6983
-5734
-4235
-6275
3383
390
7119
6604
2675
5234
-4836
-2149
-6792
-7059
-954
-3873
5982
3771
6051
7074
-835
2259
-6755
-5148
-4924
-6649
2569
-509
7112
6216
3486
5806
-4140
-1274
-7013
-6893
-1836
-4590
5453
2964
6482
7129
66
3092
-6421
-4487
-5529
-6913
1705
-1399
6985
5727
4241
6279
-3374
-374
-7119
-6601
-2693
-5247
4823
2132
6798
7063
972
3884
-5979
-3754
-6058
-7078
813
-2275
6750
5136
4941
6656
-2549
526
-7112
-6207
-3507
-5814
4123
1255
7016
6882
1852
4613
-5439
-2953
-6487
-7128
-86
-3116
6408
4473
5547
6924
-1681
1422
-6988
-5713
-4260
-6287
3350
348
7121
6595
2710
5262
-4811
-2109
-6806
-7060
-993
-3902
5961
3733
6070
7077
-791
2301
-6746
-5124
-4958
-6673
2532
-556
7104
6198
3524
5826
-4103
-1240
-7022
-6881
-1871
-4626
5425
2933
6490
7126
104
3132
-6399
-4461
-5560
-6928
1664
-1438
6976
5701
4278
6301
-3337
-341
-7121
-6589
-2731
-5274
4796
2095
6810
7055
1010
3913
-5955
-3719
-6078
-7081
769
-2315
6740
5110
4963
6666
-2514
569
-7099
-6187
-3541
-5837
4088
1218
7022
6868
1894
4639
-5410
-2917
-6504
-7128
-124
-3151
6388
4443
5569
6932
-1647
1460
-6978
-5690
-4295
-6305
3314
315
7116
6584
2745
5284
-4780
-2070
-6822
-7057
-1032
-3932
5952
3703
6088
7085
-755
2332
-6737
-5099
-4976
-6675
2492
-590
7103
6176
3557
5847
-4075
-1195
-7024
-6868
-1915
-4655
5396
2902
6510
7125
152
3170
-6381
-4429
-5585
-6938
1627
-1477
6965
5675
4310
6318
-3300
-296
-7120
-6568
-2760
-5299
4765
2056
6823
7058
1044
3947
-5931
-3690
-6100
-7086
735
-2351
6732
5085
4992
6679
-2478
607
-7102
-6168
-3571
-5864
4063
1183
7026
6863
1931
4671
-5391
-2886
-6522
-7122
-169
-3190
6378
4417
5596
6940
-1611
1503
-6972
-5666
-4321
-6325
3284
278
7123
6561
2779
5313
-4749
-2041
-6833
-7048
-1069
-3968
5922
3670
6111
7092
-722
2363
-6721
-5070
-5004
-6687
2456
-622
7100
6155
3583
5864
-4044
-1157
-7030
-6857
-1941
-4678
5379
2872
6525
7127
182
3203
-6370
-4401
-5608
-6942
1590
-1520
6963
5655
4342
6332
-3269
-263
-7119
-6552
-2800
-5323
4737
2024
6833
7040
1083
3983
-5909
-3654
-6120
-7100
701
-2389
6713
5055
5019
6693
-2442
646
-7093
-6149
-3604
-5879
4029
1134
7034
6855
1961
4691
-5361
-2850
-6529
-7126
-200
-3219
6359
4385
5620
6950
-1568
1538
-6956
-5641
-4350
-6335
3249
240
7118
6548
2811
5333
-4727
-2007
-6837
-7036
-1098
-3992
5902
3640
6125
7091
-685
2403
-6710
-5046
-5030
-6700
2427
-659
7098
6141
3616
5889
-4014
-1127
-7040
-6848
-1976
-4698
5353
2835
6541
7132
213
3227
-6362
-4376
-5621
-6950
1557
-1549
6952
5637
4364
6342
-3243
-229
-7117
-6542
-2828
-5339
4718
1993
6845
7037
1114
4000
-5896
-3629
-6131
-7095
668
-2416
6700
5042
5020
6706
-2410
677
-7092
-6132
-3627
-5902
4001
1116
7034
6843
1995
4719
-5340
-2829
-6547
-7126
-232
-3241
6347
4360
5635
6960
-1549
1563
-6957
-5621
-4380
-6350
3224
205
7125
6537
2846
5353
-4699
-1970
-6849
-7036
-1129
-4022
5886
3614
6144
7089
-647
2438
-6699
-5022
-5057
-6710
2395
-695
7089
6120
3651
5909
-3984
-1089
-7040
-6832
-2011
-4737
5321
2808
6553
7119
247
3264
-6337
-4343
-5655
-6968
1521
-1583
6953
5612
4393
6362
-3204
-191
-7124
-6521
-2859
-5377
4688
1952
6853
7035
1152
4031
-5878
-3596
-6154
-7096
630
-2451
6691
5009
5067
6722
-2379
714
-7089
-6118
-3670
-5912
3974
1072
7047
6833
2034
4743
-5315
-2789
-6559
-7124
-269
-3280
6326
4329
5667
6969
-1502
1605
-6941
-5598
-4410
-6377
3187
169
7128
6520
2881
5383
-4671
-1934
-6859
-7029
-1172
-4052
5864
3575
6166
7105
-608
2470
-6691
-4998
-5077
-6729
2355
-740
7092
6101
3678
5932
-3945
-1046
-7048
-6823
-2054
-4764
5302
2768
6568
7120
294
3301
-6315
-4320
-5674
-6978
1482
-1622
6938
5582
4428
6380
-3172
-153
-7123
-6503
-2896
-5392
4655
1919
6865
7026
1183
4063
-5854
-3561
-6175
-7101
596
-2486
6675
4980
5088
6732
-2340
755
-7093
-6094
-3694
-5936
3938
1036
7050
6818
2063
4767
-5290
-2752
-6565
-7119
0
1588
1168
1152
1360
1616
1556
1040
1360
1256
1066
2026
1508
1312
1192
1462
1549
1160
1324
1152
1926
1384
1853
1154
1684
1493
1750
1280
1280
1370
1538
1065
1362
1394
1241
1035
1521
1254
1159
1125
1862
1868
1766
1190
1988
1262
1152
1640
1674
1796
1594
1062
1445
1661
1067
1566
1526
2031
1401
1746
1222
1667
1205
1970
1822
1944
1931
1205
2009
1086
2037
1192
1258
1980
1738
1058
1152
1203
1891
1098
1154
1556
1350
1597
1940
1620
1580
1980
1802
1563
1238
1352
1346
1558
1599
1594
1549
1533
1274
1428
1109
1794
1770
1562
1686
1417
2010
1352
1110
1462
1250
1342
1906
1387
1764
1515
1180
1254
1867
1279
1135
1901
1151
1429
1750
1359
1683
1565
1062
1355
1884
1473
1045
1156
1650
1583
1428
1357
1773
1525
1099
1162
1164
1212
1126
1064
1418
1494
1210
1723
1025
1706
1913
1303
1350
1795
1162
1640
1530
1184
1170
1896
1459
1828
1402
1641
1149
1327
2037
1537
1745
1998
1315
1188
1030
1989
1935
1354
1192
1398
1832
1912
1295
1774
1113
1416
1158
1563
1791
1425
1780
1599
1926
1825
1061
1049
1668
1069
1146
1862
1834
1812
1356
1764
1402
1258
1806
1296
1940
1280
1910
1954
1561
1260
1341
1160
1113
1315
1239
1145
1788
1447
1167
1534
1921
1620
1662
1134
1090
1034
1220
1973
1484
1481
1769
1588
1553
1102
1202
1305
1225
1025
1378
1241
1186
1508
1603
1113
1204
1458
1350
1729
1425
1422
1179
1805
1751
1954
1137
1451
1962
1800
1466
1508
1025
1768
1341
1267
1385
1803
1462
1810
1985
1172
1168
-7061
962
-2140
6796
5238
4830
6604
-2678
385
-7111
-6272
-3379
-5730
4239
1395
6989
6917
1712
4490
-5524
-3085
-6420
-7130
58
-2985
6473
4584
5455
6888
-1826
1283
-7011
-5797
-4143
-6221
3479
499
7107
6649
2574
5156
-4917
-2250
-6759
-7079
-842
-3770
6046
3862
5989
7062
-945
2152
-6794
-5234
-4846
-6607
2673
-396
7113
6262
3389
5736
-4227
-1381
-6989
-6913
-1728
-4508
5518
3077
6426
7129
-43
2998
-6469
-4578
-5467
-6894
1812
-1292
7012
5788
4153
6224
-3468
-487
-7110
-6640
-2589
-5169
4903
2234
6760
7071
860
3788
-6038
-3849
-6000
-7065
923
-2172
6786
5216
4863
6615
-2646
420
-7115
-6255
-3416
-5751
4209
1356
6992
6906
1754
4526
-5502
-3054
-6438
-7121
20
-3017
6452
4556
5481
6900
-1786
1323
-7005
-5777
-4178
-6240
3444
460
7116
6630
2611
5177
-4885
-2214
-6767
-7068
-882
-3802
6022
3826
6007
7066
-903
2196
-6783
-5203
-4872
-6624
2632
-442
7112
6251
3430
5761
-4195
-1342
-6999
-6903
-1772
-4538
5493
3038
6450
7125
-6
3028
-6452
-4543
-5489
-6905
1776
-1330
7005
5763
4187
6250
-3433
-446
-7111
-6626
-2627
-5201
4873
2196
6778
7071
895
3842
-6023
-3816
-6021
-7075
885
-2211
6779
5194
4887
6629
-2616
460
-7109
-6236
-3445
-5769
4176
1320
7003
6901
1793
4559
-5484
-3022
-6451
-7121
-18
-3049
6440
4532
5504
6907
-1760
1352
-6998
-5757
-4209
-6254
3415
424
7113
6616
2645
5216
-4859
-2179
-6788
-7066
-920
-3837
5997
3791
6031
7073
-865
2229
-6771
-5179
-4898
-6637
2595
-484
7113
6233
3464
5788
-4164
-1302
-7008
-6889
-1807
-4570
5469
3002
6459
7124
40
3070
-6432
-4513
-5518
-6915
1734
-1370
6995
5731
4212
6257
-3406
-399
-7118
-6607
-2664
-5227
4839
2158
6795
7062
938
3857
-5988
-3775
-6042
-7071
842
-2246
6763
5160
4908
6644
-2576
495
-7116
-6226
-3480
-5798
4149
1286
7008
6887
1825
4580
-5458
-2984
-6467
-7125
-53
-3082
6427
4504
5524
6912
-1720
1385
-6983
-5734
-4235
-6275
3383
390
7119
6604
2675
5234
-4836
-2149
-6792
-7059
-954
-3873
5982
3771
6051
7074
-835
2259
-6755
-5148
-4924
-6649
2569
-509
7112
6216
3486
5806
-4140
-1274
-7013
-6893
-1836
-4590
5453
2964
6482
7129
66
3092
-6421
-4487
-5529
-6913
1705
-1399
6985
5727
4241
6279
-3374
-374
-7119
-6601
-2693
-5247
4823
2132
6798
7063
972
3884
-5979
-3754
-6058
-7078
813
-2275
6750
5136
4941
6656
-2549
526
-7112
-6207
-3507
-5814
4123
1255
7016
6882
1852
4613
-5439
-2953
-6487
-7128
-86
-3116
6408
4473
5547
6924
-1681
1422
-6988
-5713
-4260
-6287
3350
348
7121
6595
2710
5262
-4811
-2109
-6806
-7060
-993
-3902
5961
3733
6070
7077
-791
2301
-6746
-5124
-4958
-6673
2532
-556
7104
6198
3524
5826
-4103
-1240
-7022
-6881
-1871
-4626
5425
2933
6490
7126
104
3132
-6399
-4461
-5560
-6928
1664
-1438
6976
5701
4278
6301
-3337
-341
-7121
-6589
-2731
-5274
4796
2095
6810
7055
1010
3913
-5955
-3719
-6078
-7081
769
-2315
6740
5110
4963
6666
-2514
569
-7099
-6187
-3541
-5837
4088
1218
7022
6868
1894
4639
-5410
-2917
-6504
-7128
-124
-3151
6388
4443
5569
6932
-1647
1460
-6978
-5690
-4295
-6305
3314
315
7116
6584
2745
5284
-4780
-2070
-6822
-7057
-1032
-3932
5952
3703
6088
7085
-755
2332
-6737
-5099
-4976
-6675
2492
-590
7103
6176
3557
5847
-4075
-1195
-7024
-6868
-1915
-4655
5396
2902
6510
7125
152
3170
-6381
-4429
-5585
-6938
1627
-1477
6965
5675
4310
6318
-3300
-296
-7120
-6568
-2760
-5299
4765
2056
6823
7058
1044
3947
-5931
-3690
-6100
-7086
735
-2351
6732
5085
4992
6679
-2478
607
-7102
-6168
-3571
-5864
4063
1183
7026
6863
1931
4671
-5391
-2886
-6522
-7122
-169
-3190
6378
4417
5596
6940
-1611
1503
-6972
-5666
-4321
-6325
3284
278
7123
6561
2779
5313
-4749
-2041
-6833
-7048
-1069
-3968
5922
3670
6111
7092
-722
2363
-6721
-5070
-5004
-6687
2456
-622
7100
6155
3583
5864
-4044
-1157
-7030
-6857
-1941
-4678
5379
2872
6525
7127
182
3203
-6370
-4401
-5608
-6942
1590
-1520
6963
5655
4342
6332
-3269
-263
-7119
-6552
-2800
-5323
4737
2024
6833
7040
1083
3983
-5909
-3654
-6120
-7100
701
-2389
6713
5055
5019
6693
-2442
646
-7093
-6149
-3604
-5879
4029
1134
7034
6855
1961
4691
-5361
-2850
-6529
-7126
-200
-3219
6359
4385
5620
6950
-1568
1538
-6956
-5641
-4350
-6335
3249
240
7118
6548
2811
5333
-4727
-2007
-6837
-7036
-1098
-3992
5902
3640
6125
7091
-685
2403
-6710
-5046
-5030
-6700
2427
-659
7098
6141
3616
5889
-4014
-1127
-7040
-6848
-1976
-4698
5353
2835
6541
7132
213
3227
-6362
-4376
-5621
-6950
1557
-1549
6952
5637
4364
6342
-3243
-229
-7117
-6542
-2828
-5339
4718
1993
6845
7037
1114
4000
-5896
-3629
-6131
-7095
668
-2416
6700
5042
5020
6706
-2410
677
-7092
-6132
-3627
-5902
4001
1116
7034
6843
1995
4719
-5340
-2829
-6547
-7126
-232
-3241
6347
4360
5635
6960
-1549
1563
-6957
-5621
-4380
-6350
3224
205
7125
6537
2846
5353
-4699
-1970
-6849
-7036
-1129
-4022
5886
3614
6144
7089
-647
2438
-6699
-5022
-5057
-6710
2395
-695
7089
6120
3651
5909
-3984
-1089
-7040
-6832
-2011
-4737
5321
2808
6553
7119
247
3264
-6337
-4343
-5655
-6968
1521
-1583
6953
5612
4393
6362
-3204
-191
-7124
-6521
-2859
-5377
4688
1952
6853
7035
1152
4031
-5878
-3596
-6154
-7096
630
-2451
6691
5009
5067
6722
-2379
714
-7089
-6118
-3670
-5912
3974
1072
7047
6833
2034
4743
-5315
-2789
-6559
-7124
-269
-3280
6326
4329
5667
6969
-1502
1605
-6941
-5598
-4410
-6377
3187
169
7128
6520
2881
5383
-4671
-1934
-6859
-7029
-1172
-4052
5864
3575
6166
7105
-608
2470
-6691
-4998
-5077
-6729
2355
-740
7092
6101
3678
5932
-3945
-1046
-7048
-6823
-2054
-4764
5302
2768
6568
7120
294
3301
-6315
-4320
-5674
-6978
1482
-1622
6938
5582
4428
6380
-3172
-153
-7123
-6503
-2896
-5392
4655
1919
6865
7026
1183
4063
-5854
-3561
-6175
-7101
596
-2486
6675
4980
5088
6732
-2340
755
-7093
-6094
-3694
-5936
3938
1036
7050
6818
2063
4767
-5290
-2752
-6565
-7119
0
1588
1168
1152
1360
1616
1556
1040
1360
1256
1066
2026
1508
1312
1192
1462
1549
1160
1324
1152
1926
1384
1853
1154
1684
1493
1750
1280
1280
1370
1538
1065
1362
1394
1241
1035
1521
1254
1159
1125
1862
1868
1766
1190
1988
1262
1152
1640
1674
1796
1594
1062
1445
1661
1067
1566
1526
2031
1401
1746
1222
1667
1205
1970
1822
1944
1931
1205
2009
1086
2037
1192
1258
1980
1738
1058
1152
1203
1891
1098
1154
1556
1350
1597
1940
1620
1580
1980
1802
1563
1238
1352
1346
1558
1599
1594
1549
1533
1274
1428
1109
1794
1770
1562
1686
1417
2010
1352
1110
1462
1250
1342
1906
1387
1764
1515
1180
1254
1867
1279
1135
1901
1151
1429
1750
1359
1683
1565
1062
1355
1884
1473
1045
1156
1650
1583
1428
1357
1773
1525
1099
1162
1164
1212
1126
1064
1418
1494
1210
1723
1025
1706
1913
1303
1350
1795
1162
1640
1530
1184
1170
1896
1459
1828
1402
1641
1149
1327
2037
1537
1745
1998
1315
1188
1030
1989
1935
1354
1192
1398
1832
1912
1295
1774
1113
1416
1158
1563
1791
1425
1780
1599
1926
1825
1061
1049
1668
1069
1146
1862
1834
1812
1356
1764
1402
1258
1806
1296
1940
1280
1910
1954
1561
1260
1341
1160
1113
1315
1239
1145
1788
1447
1167
1534
1921
1620
1662
1134
1090
1034
1220
1973
1484
1481
1769
1588
1553
1102
1202
1305
1225
1025
1378
1241
1186
1508
1603
1113
1204
1458
1350
1729
1425
1422
1179
1805
1751
1954
1137
1451
1962
1800
1466
1508
1025
1768
1341
1267
1385
1803
1462
1810
1985
1172
1168
