1651 2 2000 1 512 0
-1894
-6863
-5948
3918
5568
4443
2506
-6672
-7118
-318
1897
6869
5945
-3924
-5565
-4441
-2504
6665
7115
325
-1894
-6870
-5940
3918
5570
4445
2501
-6665
-7118
-325
1889
6868
5948
-3916
-5563
-4448
-2510
6669
7121
330
-1885
-6873
-5953
3917
5562
4447
2512
-6664
-7113
-329
1878
6872
5952
-3911
-5560
-4448
-2513
6662
7115
335
-1881
-6873
-5951
3911
5557
4460
2526
-6660
-7115
-340
1878
6877
5956
-3905
-5556
-4463
-2525
6658
7114
339
-1871
-6872
-5961
3902
5556
4462
2531
-6660
-7113
-347
1872
6879
5960
-3906
-5548
-4470
-2534
6655
7118
349
-1866
-6875
-5965
3896
5549
4469
2533
-6649
-7118
-361
1855
6874
5969
-3889
-5541
-4477
-2547
6655
7116
365
-1858
-6876
-5970
3888
5536
4477
2545
-6649
-7115
-366
1851
6881
5971
-3881
-5533
-4479
-2551
6649
7117
368
-1847
-6878
-5972
3882
5533
4481
2551
-6646
-7112
-370
1846
6881
5973
-3885
-5540
-4482
-2549
6652
7112
372
-1843
-6878
-5975
3880
5539
4485
2553
-6649
-7108
-373
1839
6880
5972
-3877
-5528
-4487
-2563
6648
7109
384
-1840
-6883
-5977
3872
5525
4488
2561
-6641
-7107
-383
1840
6883
5978
-3869
-5525
-4496
-2589
6667
7112
385
-1835
-6882
-5980
3868
5526
4493
2566
-6639
-7108
-392
1826
6886
5984
-3863
-5522
-4499
-2574
6642
7114
390
-1825
-6886
-5983
3860
5521
4507
2575
-6638
-7113
-403
1825
6890
5989
-3857
-5519
-4506
-2582
6637
7110
401
-1817
-6887
-5990
3853
5519
4507
2582
-6640
-7115
-401
1817
6887
5991
-3851
-5515
-4508
-2589
6636
7111
408
-1810
-6893
-5996
3851
5513
4510
2586
-6633
-7104
-410
1806
6884
5993
-3844
-5509
-4517
-2591
6631
7110
413
-1808
-6889
-5990
3850
5510
4517
2592
-6630
-7110
-421
1798
6892
5994
-3844
-5509
-4519
-2597
6630
7105
421
-1798
-6889
-5999
3839
5503
4524
2604
-6630
-7114
-425
1796
6890
6004
-3841
-5498
-4525
-2604
6626
7107
428
-1788
-6890
-6007
3831
5499
4533
2611
-6629
-7112
-437
1784
6896
6011
-3826
-5491
-4537
-2621
6626
7113
445
-1780
-6900
-6011
3820
5493
4540
2620
-6624
-7110
-446
1770
6893
6013
-3817
-5486
-4541
-2626
6625
7113
450
-1769
-6899
-6013
3814
5484
4541
2626
-6616
-7107
-450
1777
6916
6017
-3818
-5486
-4548
-2626
6620
7106
453
-1767
-6894
-6014
3810
5485
4544
2631
-6623
-7110
-455
1767
6899
6017
-3811
-5483
-4548
-2631
6613
7102
458
-1763
-6898
-6021
3805
5483
4549
2632
-6619
-7109
-458
1758
6902
6021
-3810
-5479
-4554
-2642
6616
7107
464
-1754
-6906
-6025
3804
5479
4556
2643
-6617
-7110
-469
1751
6899
6028
-3793
-5472
-4560
-2648
6615
7108
472
-1746
-6904
-6024
3793
5470
4558
2649
-6614
-7109
-477
1748
6907
6026
-3792
-5471
-4566
-2653
6615
7108
481
-1741
-6905
-6030
3788
5465
4564
2660
-6613
-7107
-482
1736
6904
6032
-3786
-5459
-4570
-2659
6606
7107
490
-1729
-6908
-6037
3778
5463
4568
2664
-6614
-7109
-492
1728
6909
6036
-3776
-5460
-4572
-2668
6604
7111
492
-1727
-6912
-6034
3776
5459
4575
2668
-6608
-7106
-498
1722
6907
6037
-3776
-5457
-4577
-2671
6609
7105
491
-1722
-6906
-6034
3772
5453
4575
2669
-6600
-7104
-505
1716
6912
6039
-3774
-5456
-4584
-2672
6604
7099
503
-1715
-6911
-6047
3764
5448
4584
2681
-6606
-7112
-512
1714
6916
6041
-3766
-5448
-4583
-2680
6598
7106
510
-1709
-6914
-6046
3763
5451
4589
2680
-6604
-7102
-511
1706
6915
6044
-3759
-5444
-4595
-2687
6602
7111
515
-1709
-6919
-6047
3762
5447
4591
2685
-6597
-7109
-515
1704
6908
6048
-3753
-5442
-4596
-2687
6599
7108
518
-1700
-6917
-6049
3751
5439
4594
2695
-6592
-7107
-524
1698
6920
6056
-3750
-5439
-4603
-2695
6592
7100
530
-1691
-6915
-6055
3740
5435
4605
2701
-6599
-7109
-532
1686
6919
6053
-3742
-5430
-4604
-2702
6595
7106
533
-1685
-6919
-6061
3739
5429
4607
2703
-6593
-7103
-539
1678
6919
6055
-3738
-5428
-4610
-2712
6588
7111
541
-1679
-6925
-6066
3735
5426
4615
2714
-6586
-7104
-548
1669
6918
6065
-3727
-5421
-4620
-2716
6587
7101
548
-1670
-6921
-6069
3723
5415
4617
2723
-6586
-7105
-557
1665
6927
6073
-3723
-5415
-4627
-2726
6585
7099
560
-1660
-6922
-6074
3711
5414
4630
2732
-6579
-7107
-567
1660
6927
6073
-3712
-5406
-4632
-2749
6577
7094
565
-1647
-6926
-6085
3707
5410
4635
2734
-6580
-7102
-574
1642
6928
6079
-3706
-5407
-4641
-2740
6578
7107
576
-1646
-6934
-6084
3700
5405
4639
2741
-6575
-7100
-579
1635
6933
6085
-3698
-5400
-4645
-2749
6573
7104
581
-1636
-6930
-6089
3691
5393
4649
2751
-6569
-7098
-589
1631
6936
6092
-3695
-5397
-4650
-2756
6569
7099
592
-1628
-6936
-6095
3687
5391
4653
2760
-6568
-7103
-594
1626
6933
6095
-3688
-5387
-4656
-2764
6564
7096
598
-1620
-6938
-6094
3687
5386
4669
2763
-6567
-7100
-601
1616
6936
6099
-3679
-5386
-4664
-2770
6565
7101
606
-1619
-6942
-6103
3680
5386
4667
2772
-6565
-7097
-611
1611
6939
6102
-3675
-5383
-4666
-2772
6565
7100
608
-1611
-6938
-6103
3676
5382
4666
2775
-6564
-7103
-614
1610
6945
6102
-3674
-5386
-4667
-2776
6557
7098
616
-1607
-6944
-6107
3668
5377
4673
2781
-6558
-7100
-616
1602
6938
6110
-3666
-5373
-4673
-2788
6554
7094
622
-1598
-6945
-6114
3666
5374
4681
2789
-6555
-7094
-629
1592
6946
6110
-3655
-5369
-4683
-2794
6551
7101
630
-1592
-6945
-6113
3655
5367
4684
2800
-6554
-7098
-640
1581
6947
6120
-3652
-5366
-4690
-2802
6552
7094
634
-1581
-6947
-6120
3647
5356
4692
2806
-6545
-7094
-647
1578
6946
6118
-3645
-5360
-4694
-2806
6545
7095
648
-1571
-6948
-6126
3638
5357
4700
2812
-6544
-7090
-652
1567
6945
6121
-3639
-5348
-4700
-2818
6540
7093
656
-1565
-6951
-6127
3641
5350
4705
2814
-6541
-7091
-657
1566
6950
6129
-3633
-5354
-4707
-2822
6542
7092
653
-1564
-6950
-6130
3633
5346
4703
2821
-6538
-7093
-664
1560
6953
6133
-3629
-5348
-4709
-2826
6540
7088
663
-1555
-6949
-6129
3626
5340
4713
2830
-6536
-7093
-673
1553
6955
6134
-3621
-5343
-4713
-2831
6531
7094
673
-1547
-6953
-6138
0
1588
1168
1152
1360
1616
1556
1040
1360
1256
1066
2026
1508
1312
1192
1462
1549
1160
1324
1152
1926
1384
1853
1154
1684
1493
1750
1280
1280
1370
1538
1065
1362
1394
1241
1035
1521
1254
1159
1125
1862
1868
1766
1190
1988
1262
1152
1640
1674
1796
1594
1062
1445
1661
1067
1566
1526
2031
1401
1746
1222
1667
1205
1970
1822
1944
1931
1205
2009
1086
2037
1192
1258
1980
1738
1058
1152
1203
1891
1098
1154
1556
1350
1597
1940
1620
1580
1980
1802
1563
1238
1352
1346
1558
1599
1594
1549
1533
1274
1428
1109
1794
1770
1562
1686
1417
2010
1352
1110
1462
1250
1342
1906
1387
1764
1515
1180
1254
1867
1279
1135
1901
1151
1429
1750
1359
1683
1565
1062
1355
1884
1473
1045
1156
1650
1583
1428
1357
1773
1525
1099
1162
1164
1212
1126
1064
1418
1494
1210
1723
1025
1706
1913
1303
1350
1795
1162
1640
1530
1184
1170
1896
1459
1828
1402
1641
1149
1327
2037
1537
1745
1998
1315
1188
1030
1989
1935
1354
1192
1398
1832
1912
1295
1774
1113
1416
1158
1563
1791
1425
1780
1599
1926
1825
1061
1049
1668
1069
1146
1862
1834
1812
1356
1764
1402
1258
1806
1296
1940
1280
1910
1954
1561
1260
1341
1160
1113
1315
1239
1145
1788
1447
1167
1534
1921
1620
1662
1134
1090
1034
1220
1973
1484
1481
1769
1588
1553
1102
1202
1305
1225
1025
1378
1241
1186
1508
1603
1113
1204
1458
1350
1729
1425
1422
1179
1805
1751
1954
1137
1451
1962
1800
1466
1508
1025
1768
1341
1267
1385
1803
1462
1810
1985
1172
1168
7086
651
-5897
-3984
3245
6330
204
-7111
-3611
6136
6121
-3633
-7109
234
6348
3221
-4015
-5879
684
7089
2815
-6540
-5617
4376
7028
-1122
-6703
-2402
4718
5333
-1561
-6943
-1977
6841
5032
-5043
-6833
1988
6951
1551
-5341
-4701
2415
6697
1105
-7028
-4360
5624
6534
-2824
-7088
-668
5886
4004
-3225
-6344
-226
7114
3623
-6120
-6130
3618
7110
-217
-6339
-3234
3993
5891
-662
-7085
-2837
6526
5632
-4359
-7030
1104
6695
2418
-4702
-5355
1542
6948
1998
-6831
-5043
5025
6838
-1975
-6943
-1569
5325
4724
-2390
-6700
-1134
7022
4375
-5611
-6541
2807
7079
693
-5872
-4017
3213
6351
245
-7115
-3636
6126
6142
-3589
-7116
197
6335
3258
-3988
-5903
647
7089
2852
-6526
-5639
4343
7032
-1086
-6690
-2435
4693
5362
-1525
-6951
-2015
6825
5054
-5013
-6844
1954
6938
1583
-5323
-4732
2380
6712
1147
-7025
-4390
5607
6546
-2794
-7081
-703
5874
4029
-3207
-6363
-261
7113
3653
-6110
-6147
3592
7115
-189
-6328
-3265
3969
5911
-632
-7092
-2863
6519
5649
-4330
-7038
1074
6683
2452
-4678
-5370
1510
6958
2031
-6822
-5065
5003
6849
-1942
-6937
-1598
5311
4740
-2364
-6718
-1160
7026
4412
-5601
-6556
2782
7084
720
-5859
-4039
3185
6369
273
-7115
-3668
6100
6157
-3579
-7119
169
6322
3279
-3959
-5921
611
7095
2875
-6509
-5664
4321
7045
-1054
-6682
-2467
4665
5381
-1493
-6965
-2047
6819
5076
-4993
-6857
1927
6932
1612
-5298
-4756
2350
6725
1178
-7021
-4416
5582
6562
-2766
-7082
-732
5847
4056
-3172
-6381
-294
7112
3681
-6088
-6165
3565
7120
-153
-6309
-3299
3939
5932
-594
-7098
-2897
6504
5676
-4303
-7047
1034
6667
2486
-4654
-5397
1476
6968
2064
-6810
-5092
4982
6852
-1913
-6922
-1636
5285
4770
-2333
-6726
-1198
7015
4432
-5573
-6569
2750
7075
753
-5838
-4072
3157
6378
310
-7109
-3699
6081
6172
-3549
-7118
131
6298
3308
-3932
-5935
579
7092
2915
-6496
-5681
4293
7048
-1021
-6665
-2498
4634
5399
-1459
-6965
-2082
6807
5098
-4968
-6860
1896
6921
1649
-5278
-4779
2316
6728
1214
-7009
-4437
5560
6575
-2733
-7076
-770
5830
4080
-3137
-6385
-326
7109
3712
-6070
-6178
3538
7115
-114
-6295
-3329
3908
5949
-562
-7099
-2928
6473
5689
-4276
-7047
1002
6659
2514
-4629
-5412
1441
6970
2093
-6807
-5110
4954
6866
-1878
-6922
-1663
5263
4787
-2305
-6739
-1231
7012
4457
-5553
-6581
2718
7079
787
-5820
-4092
3129
6391
341
-7111
-3723
6058
6188
-3516
-7120
101
6282
3339
-3894
-5960
543
7102
2942
-6482
-5705
4265
7054
-991
-6652
-2532
4614
5423
-1426
-6979
-2111
6796
5128
-4939
-6873
1861
6917
1682
-5249
-4810
2281
6746
1248
-7007
-4469
5542
6593
-2707
-7075
-802
5812
4115
-3116
-6407
-360
7110
3741
-6053
-6197
3502
7123
-81
-6278
-3356
3888
5966
-531
-7105
-2960
6480
5712
-4254
-7055
976
6652
2548
-4607
-5439
1413
6980
2126
-6798
-5138
4928
6876
-1851
-6912
-1703
5244
4819
-2275
-6746
-1260
7008
4481
-5533
-6593
2690
7071
817
-5803
-4126
3100
6409
374
-7113
-3757
6054
6202
-3495
-7117
66
6271
3370
-3871
-5972
512
7102
2970
-6474
-5720
4240
7055
-960
-6646
-2564
4586
5436
-1400
-6979
-2140
6790
5145
-4916
-6881
1828
6905
1716
-5229
-4832
2257
6758
1285
-6996
-4492
5521
6597
-2677
-7075
-834
5789
4138
-3082
-6412
-389
7108
3767
-6035
-6204
3475
7118
-56
-6265
-3378
3860
5978
-504
-7104
-2987
6467
5731
-4227
-7060
942
6636
2573
-4576
-5449
1385
6985
2156
-6785
-5156
4904
6879
-1811
-6910
-1724
5220
4842
-2240
-6759
-1294
7005
4505
-5515
-6604
2660
7075
850
-5786
-4151
3062
6428
408
-7111
-3782
6031
6217
-3458
-7120
39
6256
3403
-3841
-5992
479
7104
3004
-6453
-5742
4207
7057
-924
-6632
-2591
4560
5464
-1369
-6978
-2173
6778
5171
-4891
-6885
1794
6895
1746
-5208
-4860
2219
6761
1309
-6999
-4523
5502
6607
-2647
-7069
-867
5774
4170
-3049
-6435
-428
7106
3800
-6020
-6229
3442
7117
-16
-6244
-3417
3827
5998
-461
-7105
-3021
6446
5748
-4193
-7058
904
6623
2613
-4540
-5479
1342
6985
2191
-6770
-5181
4875
6886
-1777
-6895
-1764
5195
4872
-2207
-6771
-1329
6996
4539
-5491
-6617
2627
7063
885
-5759
-4179
3031
6438
443
-7103
-3812
6009
6231
-3430
-7121
7
6238
3429
-3803
-6005
446
7106
3030
-6443
-5754
4180
7062
-890
-6617
-2630
4532
5484
-1331
-6990
-2210
6768
5191
-4865
-6894
1762
6895
1780
-5181
-4882
2185
6774
1345
-6992
-4548
5474
6621
-2609
-7064
-902
5750
4196
-3014
-6448
-462
7102
3831
-5999
-6242
3409
7119
23
-6224
-3445
3789
6017
-426
-7103
-3049
6432
5770
-4165
-7065
871
6611
2636
-4521
-5501
1314
6995
2220
-6768
-5208
4857
6906
-1751
-6894
-1793
5174
4896
-2177
-6779
-1358
6989
4559
-5468
-6630
2596
7058
916
-5745
-4207
3006
6458
476
-7100
-3845
5992
6251
-3397
-7114
-31
6218
3459
-3781
-6029
411
7109
3067
-6425
-5781
4153
7067
-852
-6604
-2657
4505
5513
-1296
-7001
-2241
6756
5221
-4842
-6903
1730
6878
1815
-5159
-4910
2153
6783
1376
-6984
-4577
5456
6635
-2577
-7057
-938
5732
4227
-2985
-6463
-495
7106
3859
-5988
-6265
3386
7120
51
-6217
-3477
3773
6042
-390
-7113
-3082
6421
5791
-4140
-7071
837
6601
2669
-4496
-5519
1277
6999
2255
-6751
-5231
4834
6909
-1712
-6879
-1835
5149
4922
-2142
-6787
-1395
6979
4589
-5448
-6646
2558
7058
956
-5726
-4240
2969
6473
514
-7103
-3872
5977
6275
-3367
-7123
-75
6208
3492
-3754
-6053
370
7114
3097
-6415
-5804
4124
7075
-819
-6589
-2690
4481
5530
-1258
-7010
-2269
6747
5242
-4823
-6916
1694
6878
1845
-5139
-4930
2126
6793
1407
-6976
-4597
5438
6642
-2547
-7048
-967
5710
4243
-2958
-6476
-524
7098
3881
-5968
-6277
3357
7120
82
-6195
-3500
3745
6054
-364
-7114
-3102
6409
5811
-4115
-7076
806
6583
2699
-4478
-5543
1248
7012
2282
-6743
-5253
4810
6918
-1681
-6868
-1860
5123
4941
-2108
-6800
-1425
6971
4607
-5426
-6653
2535
7046
985
-5704
-4263
2942
6483
546
-7094
-3894
5952
6287
-3340
-7115
-99
6187
3514
-3725
-6065
340
7109
3121
-6392
-5822
0
1588
1168
1152
1360
1616
1556
1040
1360
1256
1066
2026
1508
1312
1192
1462
1549
1160
1324
1152
1926
1384
1853
1154
1684
1493
1750
1280
1280
1370
1538
1065
1362
1394
1241
1035
1521
1254
1159
1125
1862
1868
1766
1190
1988
1262
1152
1640
1674
1796
1594
1062
1445
1661
1067
1566
1526
2031
1401
1746
1222
1667
1205
1970
1822
1944
1931
1205
2009
1086
2037
1192
1258
1980
1738
1058
1152
1203
1891
1098
1154
1556
1350
1597
1940
1620
1580
1980
1802
1563
1238
1352
1346
1558
1599
1594
1549
1533
1274
1428
1109
1794
1770
1562
1686
1417
2010
1352
1110
1462
1250
1342
1906
1387
1764
1515
1180
1254
1867
1279
1135
1901
1151
1429
1750
1359
1683
1565
1062
1355
1884
1473
1045
1156
1650
1583
1428
1357
1773
1525
1099
1162
1164
1212
1126
1064
1418
1494
1210
1723
1025
1706
1913
1303
1350
1795
1162
1640
1530
1184
1170
1896
1459
1828
1402
1641
1149
1327
2037
1537
1745
1998
1315
1188
1030
1989
1935
1354
1192
1398
1832
1912
1295
1774
1113
1416
1158
1563
1791
1425
1780
1599
1926
1825
1061
1049
1668
1069
1146
1862
1834
1812
1356
1764
1402
1258
1806
1296
1940
1280
1910
1954
1561
1260
1341
1160
1113
1315
1239
1145
1788
1447
1167
1534
1921
1620
1662
1134
1090
1034
1220
1973
1484
1481
1769
1588
1553
1102
1202
1305
1225
1025
1378
1241
1186
1508
1603
1113
1204
1458
1350
1729
1425
1422
1179
1805
1751
1954
1137
1451
1962
1800
1466
1508
1025
1768
1341
1267
1385
1803
1462
1810
1985
1172
1168
7086
651
-5897
-3984
3245
6330
204
-7111
-3611
6136
6121
-3633
-7109
234
6348
3221
-4015
-5879
684
7089
2815
-6540
-5617
4376
7028
-1122
-6703
-2402
4718
5333
-1561
-6943
-1977
6841
5032
-5043
-6833
1988
6951
1551
-5341
-4701
2415
6697
1105
-7028
-4360
5624
6534
-2824
-7088
-668
5886
4004
-3225
-6344
-226
7114
3623
-6120
-6130
3618
7110
-217
-6339
-3234
3993
5891
-662
-7085
-2837
6526
5632
-4359
-7030
1104
6695
2418
-4702
-5355
1542
6948
1998
-6831
-5043
5025
6838
-1975
-6943
-1569
5325
4724
-2390
-6700
-1134
7022
4375
-5611
-6541
2807
7079
693
-5872
-4017
3213
6351
245
-7115
-3636
6126
6142
-3589
-7116
197
6335
3258
-3988
-5903
647
7089
2852
-6526
-5639
4343
7032
-1086
-6690
-2435
4693
5362
-1525
-6951
-2015
6825
5054
-5013
-6844
1954
6938
1583
-5323
-4732
2380
6712
1147
-7025
-4390
5607
6546
-2794
-7081
-703
5874
4029
-3207
-6363
-261
7113
3653
-6110
-6147
3592
7115
-189
-6328
-3265
3969
5911
-632
-7092
-2863
6519
5649
-4330
-7038
1074
6683
2452
-4678
-5370
1510
6958
2031
-6822
-5065
5003
6849
-1942
-6937
-1598
5311
4740
-2364
-6718
-1160
7026
4412
-5601
-6556
2782
7084
720
-5859
-4039
3185
6369
273
-7115
-3668
6100
6157
-3579
-7119
169
6322
3279
-3959
-5921
611
7095
2875
-6509
-5664
4321
7045
-1054
-6682
-2467
4665
5381
-1493
-6965
-2047
6819
5076
-4993
-6857
1927
6932
1612
-5298
-4756
2350
6725
1178
-7021
-4416
5582
6562
-2766
-7082
-732
5847
4056
-3172
-6381
-294
7112
3681
-6088
-6165
3565
7120
-153
-6309
-3299
3939
5932
-594
-7098
-2897
6504
5676
-4303
-7047
1034
6667
2486
-4654
-5397
1476
6968
2064
-6810
-5092
4982
6852
-1913
-6922
-1636
5285
4770
-2333
-6726
-1198
7015
4432
-5573
-6569
2750
7075
753
-5838
-4072
3157
6378
310
-7109
-3699
6081
6172
-3549
-7118
131
6298
3308
-3932
-5935
579
7092
2915
-6496
-5681
4293
7048
-1021
-6665
-2498
4634
5399
-1459
-6965
-2082
6807
5098
-4968
-6860
1896
6921
1649
-5278
-4779
2316
6728
1214
-7009
-4437
5560
6575
-2733
-7076
-770
5830
4080
-3137
-6385
-326
7109
3712
-6070
-6178
3538
7115
-114
-6295
-3329
3908
5949
-562
-7099
-2928
6473
5689
-4276
-7047
1002
6659
2514
-4629
-5412
1441
6970
2093
-6807
-5110
4954
6866
-1878
-6922
-1663
5263
4787
-2305
-6739
-1231
7012
4457
-5553
-6581
2718
7079
787
-5820
-4092
3129
6391
341
-7111
-3723
6058
6188
-3516
-7120
101
6282
3339
-3894
-5960
543
7102
2942
-6482
-5705
4265
7054
-991
-6652
-2532
4614
5423
-1426
-6979
-2111
6796
5128
-4939
-6873
1861
6917
1682
-5249
-4810
2281
6746
1248
-7007
-4469
5542
6593
-2707
-7075
-802
5812
4115
-3116
-6407
-360
7110
3741
-6053
-6197
3502
7123
-81
-6278
-3356
3888
5966
-531
-7105
-2960
6480
5712
-4254
-7055
976
6652
2548
-4607
-5439
1413
6980
2126
-6798
-5138
4928
6876
-1851
-6912
-1703
5244
4819
-2275
-6746
-1260
7008
4481
-5533
-6593
2690
7071
817
-5803
-4126
3100
6409
374
-7113
-3757
6054
6202
-3495
-7117
66
6271
3370
-3871
-5972
512
7102
2970
-6474
-5720
4240
7055
-960
-6646
-2564
4586
5436
-1400
-6979
-2140
6790
5145
-4916
-6881
1828
6905
1716
-5229
-4832
2257
6758
1285
-6996
-4492
5521
6597
-2677
-7075
-834
5789
4138
-3082
-6412
-389
7108
3767
-6035
-6204
3475
7118
-56
-6265
-3378
3860
5978
-504
-7104
-2987
6467
5731
-4227
-7060
942
6636
2573
-4576
-5449
1385
6985
2156
-6785
-5156
4904
6879
-1811
-6910
-1724
5220
4842
-2240
-6759
-1294
7005
4505
-5515
-6604
2660
7075
850
-5786
-4151
3062
6428
408
-7111
-3782
6031
6217
-3458
-7120
39
6256
3403
-3841
-5992
479
7104
3004
-6453
-5742
4207
7057
-924
-6632
-2591
4560
5464
-1369
-6978
-2173
6778
5171
-4891
-6885
1794
6895
1746
-5208
-4860
2219
6761
1309
-6999
-4523
5502
6607
-2647
-7069
-867
5774
4170
-3049
-6435
-428
7106
3800
-6020
-6229
3442
7117
-16
-6244
-3417
3827
5998
-461
-7105
-3021
6446
5748
-4193
-7058
904
6623
2613
-4540
-5479
1342
6985
2191
-6770
-5181
4875
6886
-1777
-6895
-1764
5195
4872
-2207
-6771
-1329
6996
4539
-5491
-6617
2627
7063
885
-5759
-4179
3031
6438
443
-7103
-3812
6009
6231
-3430
-7121
7
6238
3429
-3803
-6005
446
7106
3030
-6443
-5754
4180
7062
-890
-6617
-2630
4532
5484
-1331
-6990
-2210
6768
5191
-4865
-6894
1762
6895
1780
-5181
-4882
2185
6774
1345
-6992
-4548
5474
6621
-2609
-7064
-902
5750
4196
-3014
-6448
-462
7102
3831
-5999
-6242
3409
7119
23
-6224
-3445
3789
6017
-426
-7103
-3049
6432
5770
-4165
-7065
871
6611
2636
-4521
-5501
1314
6995
2220
-6768
-5208
4857
6906
-1751
-6894
-1793
5174
4896
-2177
-6779
-1358
6989
4559
-5468
-6630
2596
7058
916
-5745
-4207
3006
6458
476
-7100
-3845
5992
6251
-3397
-7114
-31
6218
3459
-3781
-6029
411
7109
3067
-6425
-5781
4153
7067
-852
-6604
-2657
4505
5513
-1296
-7001
-2241
6756
5221
-4842
-6903
1730
6878
1815
-5159
-4910
2153
6783
1376
-6984
-4577
5456
6635
-2577
-7057
-938
5732
4227
-2985
-6463
-495
7106
3859
-5988
-6265
3386
7120
51
-6217
-3477
3773
6042
-390
-7113
-3082
6421
5791
-4140
-7071
837
6601
2669
-4496
-5519
1277
6999
2255
-6751
-5231
4834
6909
-1712
-6879
-1835
5149
4922
-2142
-6787
-1395
6979
4589
-5448
-6646
2558
7058
956
-5726
-4240
2969
6473
514
-7103
-3872
5977
6275
-3367
-7123
-75
6208
3492
-3754
-6053
370
7114
3097
-6415
-5804
4124
7075
-819
-6589
-2690
4481
5530
-1258
-7010
-2269
6747
5242
-4823
-6916
1694
6878
1845
-5139
-4930
2126
6793
1407
-6976
-4597
5438
6642
-2547
-7048
-967
5710
4243
-2958
-6476
-524
7098
3881
-5968
-6277
3357
7120
82
-6195
-3500
3745
6054
-364
-7114
-3102
6409
5811
-4115
-7076
806
6583
2699
-4478
-5543
1248
7012
2282
-6743
-5253
4810
6918
-1681
-6868
-1860
5123
4941
-2108
-6800
-1425
6971
4607
-5426
-6653
2535
7046
985
-5704
-4263
2942
6483
546
-7094
-3894
5952
6287
-3340
-7115
-99
6187
3514
-3725
-6065
340
7109
3121
-6392
-5822
0
1588
1168
1152
1360
1616
1556
1040
1360
1256
1066
2026
1508
1312
1192
1462
1549
1160
1324
1152
1926
1384
1853
1154
1684
1493
1750
1280
1280
1370
1538
1065
1362
1394
1241
1035
1521
1254
1159
1125
1862
1868
1766
1190
1988
1262
1152
1640
1674
1796
1594
1062
1445
1661
1067
1566
1526
2031
1401
1746
1222
1667
1205
1970
1822
1944
1931
1205
2009
1086
2037
1192
1258
1980
1738
1058
1152
1203
1891
1098
1154
1556
1350
1597
1940
1620
1580
1980
1802
1563
1238
1352
1346
1558
1599
1594
1549
1533
1274
1428
1109
1794
1770
1562
1686
1417
2010
1352
1110
1462
1250
1342
1906
1387
1764
1515
1180
1254
1867
1279
1135
1901
1151
1429
1750
1359
1683
1565
1062
1355
1884
1473
1045
1156
1650
1583
1428
1357
1773
1525
1099
1162
1164
1212
1126
1064
1418
1494
1210
1723
1025
1706
1913
1303
1350
1795
1162
1640
1530
1184
1170
1896
1459
1828
1402
1641
1149
1327
2037
1537
1745
1998
1315
1188
1030
1989
1935
1354
1192
1398
1832
1912
1295
1774
1113
1416
1158
1563
1791
1425
1780
1599
1926
1825
1061
1049
1668
1069
1146
1862
1834
1812
1356
1764
1402
1258
1806
1296
1940
1280
1910
1954
1561
1260
1341
1160
1113
1315
1239
1145
1788
1447
1167
1534
1921
1620
1662
1134
1090
1034
1220
1973
1484
1481
1769
1588
1553
1102
1202
1305
1225
1025
1378
1241
1186
1508
1603
1113
1204
1458
1350
1729
1425
1422
1179
1805
1751
1954
1137
1451
1962
1800
1466
1508
1025
1768
1341
1267
1385
1803
1462
1810
1985
1172
1168
7086
651
-5897
-3984
3245
6330
204
-7111
-3611
6136
6121
-3633
-7109
234
6348
3221
-4015
-5879
684
7089
2815
-6540
-5617
4376
7028
-1122
-6703
-2402
4718
5333
-1561
-6943
-1977
6841
5032
-5043
-6833
1988
6951
1551
-5341
-4701
2415
6697
1105
-7028
-4360
5624
6534
-2824
-7088
-668
5886
4004
-3225
-6344
-226
7114
3623
-6120
-6130
3618
7110
-217
-6339
-3234
3993
5891
-662
-7085
-2837
6526
5632
-4359
-7030
1104
6695
2418
-4702
-5355
1542
6948
1998
-6831
-5043
5025
6838
-1975
-6943
-1569
5325
4724
-2390
-6700
-1134
7022
4375
-5611
-6541
2807
7079
693
-5872
-4017
3213
6351
245
-7115
-3636
6126
6142
-3589
-7116
197
6335
3258
-3988
-5903
647
7089
2852
-6526
-5639
4343
7032
-1086
-6690
-2435
4693
5362
-1525
-6951
-2015
6825
5054
-5013
-6844
1954
6938
1583
-5323
-4732
2380
6712
1147
-7025
-4390
5607
6546
-2794
-7081
-703
5874
4029
-3207
-6363
-261
7113
3653
-6110
-6147
3592
7115
-189
-6328
-3265
3969
5911
-632
-7092
-2863
6519
5649
-4330
-7038
1074
6683
2452
-4678
-5370
1510
6958
2031
-6822
-5065
5003
6849
-1942
-6937
-1598
5311
4740
-2364
-6718
-1160
7026
4412
-5601
-6556
2782
7084
720
-5859
-4039
3185
6369
273
-7115
-3668
6100
6157
-3579
-7119
169
6322
3279
-3959
-5921
611
7095
2875
-6509
-5664
4321
7045
-1054
-6682
-2467
4665
5381
-1493
-6965
-2047
6819
5076
-4993
-6857
1927
6932
1612
-5298
-4756
2350
6725
1178
-7021
-4416
5582
6562
-2766
-7082
-732
5847
4056
-3172
-6381
-294
7112
3681
-6088
-6165
3565
7120
-153
-6309
-3299
3939
5932
-594
-7098
-2897
6504
5676
-4303
-7047
1034
6667
2486
-4654
-5397
1476
6968
2064
-6810
-5092
4982
6852
-1913
-6922
-1636
5285
4770
-2333
-6726
-1198
7015
4432
-5573
-6569
2750
7075
753
-5838
-4072
3157
6378
310
-7109
-3699
6081
6172
-3549
-7118
131
6298
3308
-3932
-5935
579
7092
2915
-6496
-5681
4293
7048
-1021
-6665
-2498
4634
5399
-1459
-6965
-2082
6807
5098
-4968
-6860
1896
6921
1649
-5278
-4779
2316
6728
1214
-7009
-4437
5560
6575
-2733
-7076
-770
5830
4080
-3137
-6385
-326
7109
3712
-6070
-6178
3538
7115
-114
-6295
-3329
3908
5949
-562
-7099
-2928
6473
5689
-4276
-7047
1002
6659
2514
-4629
-5412
1441
6970
2093
-6807
-5110
4954
6866
-1878
-6922
-1663
5263
4787
-2305
-6739
-1231
7012
4457
-5553
-6581
2718
7079
787
-5820
-4092
3129
6391
341
-7111
-3723
6058
6188
-3516
-7120
101
6282
3339
-3894
-5960
543
7102
2942
-6482
-5705
4265
7054
-991
-6652
-2532
4614
5423
-1426
-6979
-2111
6796
5128
-4939
-6873
1861
6917
1682
-5249
-4810
2281
6746
1248
-7007
-4469
5542
6593
-2707
-7075
-802
5812
4115
-3116
-6407
-360
7110
3741
-6053
-6197
3502
7123
-81
-6278
-3356
3888
5966
-531
-7105
-2960
6480
5712
-4254
-7055
976
6652
2548
-4607
-5439
1413
6980
2126
-6798
-5138
4928
6876
-1851
-6912
-1703
5244
4819
-2275
-6746
-1260
7008
4481
-5533
-6593
2690
7071
817
-5803
-4126
3100
6409
374
-7113
-3757
6054
6202
-3495
-7117
66
6271
3370
-3871
-5972
512
7102
2970
-6474
-5720
4240
7055
-960
-6646
-2564
4586
5436
-1400
-6979
-2140
6790
5145
-4916
-6881
1828
6905
1716
-5229
-4832
2257
6758
1285
-6996
-4492
5521
6597
-2677
-7075
-834
5789
4138
-3082
-6412
-389
7108
3767
-6035
-6204
3475
7118
-56
-6265
-3378
3860
5978
-504
-7104
-2987
6467
5731
-4227
-7060
942
6636
2573
-4576
-5449
1385
6985
2156
-6785
-5156
4904
6879
-1811
-6910
-1724
5220
4842
-2240
-6759
-1294
7005
4505
-5515
-6604
2660
7075
850
-5786
-4151
3062
6428
408
-7111
-3782
6031
6217
-3458
-7120
39
6256
3403
-3841
-5992
479
7104
3004
-6453
-5742
4207
7057
-924
-6632
-2591
4560
5464
-1369
-6978
-2173
6778
5171
-4891
-6885
1794
6895
1746
-5208
-4860
2219
6761
1309
-6999
-4523
5502
6607
-2647
-7069
-867
5774
4170
-3049
-6435
-428
7106
3800
-6020
-6229
3442
7117
-16
-6244
-3417
3827
5998
-461
-7105
-3021
6446
5748
-4193
-7058
904
6623
2613
-4540
-5479
1342
6985
2191
-6770
-5181
4875
6886
-1777
-6895
-1764
5195
4872
-2207
-6771
-1329
6996
4539
-5491
-6617
2627
7063
885
-5759
-4179
3031
6438
443
-7103
-3812
6009
6231
-3430
-7121
7
6238
3429
-3803
-6005
446
7106
3030
-6443
-5754
4180
7062
-890
-6617
-2630
4532
5484
-1331
-6990
-2210
6768
5191
-4865
-6894
1762
6895
1780
-5181
-4882
2185
6774
1345
-6992
-4548
5474
6621
-2609
-7064
-902
5750
4196
-3014
-6448
-462
7102
3831
-5999
-6242
3409
7119
23
-6224
-3445
3789
6017
-426
-7103
-3049
6432
5770
-4165
-7065
871
6611
2636
-4521
-5501
1314
6995
2220
-6768
-5208
4857
6906
-1751
-6894
-1793
5174
4896
-2177
-6779
-1358
6989
4559
-5468
-6630
2596
7058
916
-5745
-4207
3006
6458
476
-7100
-3845
5992
6251
-3397
-7114
-31
6218
3459
-3781
-6029
411
7109
3067
-6425
-5781
4153
7067
-852
-6604
-2657
4505
5513
-1296
-7001
-2241
6756
5221
-4842
-6903
1730
6878
1815
-5159
-4910
2153
6783
1376
-6984
-4577
5456
6635
-2577
-7057
-938
5732
4227
-2985
-6463
-495
7106
3859
-5988
-6265
3386
7120
51
-6217
-3477
3773
6042
-390
-7113
-3082
6421
5791
-4140
-7071
837
6601
2669
-4496
-5519
1277
6999
2255
-6751
-5231
4834
6909
-1712
-6879
-1835
5149
4922
-2142
-6787
-1395
6979
4589
-5448
-6646
2558
7058
956
-5726
-4240
2969
6473
514
-7103
-3872
5977
6275
-3367
-7123
-75
6208
3492
-3754
-6053
370
7114
3097
-6415
-5804
4124
7075
-819
-6589
-2690
4481
5530
-1258
-7010
-2269
6747
5242
-4823
-6916
1694
6878
1845
-5139
-4930
2126
6793
1407
-6976
-4597
5438
6642
-2547
-7048
-967
5710
4243
-2958
-6476
-524
7098
3881
-5968
-6277
3357
7120
82
-6195
-3500
3745
6054
-364
-7114
-3102
6409
5811
-4115
-7076
806
6583
2699
-4478
-5543
1248
7012
2282
-6743
-5253
4810
6918
-1681
-6868
-1860
5123
4941
-2108
-6800
-1425
6971
4607
-5426
-6653
2535
7046
985
-5704
-4263
2942
6483
546
-7094
-3894
5952
6287
-3340
-7115
-99
6187
3514
-3725
-6065
340
7109
3121
-6392
-5822
0
1588
1168
1152
1360
1616
1556
1040
1360
1256
1066
2026
1508
1312
1192
1462
1549
1160
1324
1152
1926
1384
1853
1154
1684
1493
1750
1280
1280
1370
1538
1065
1362
1394
1241
1035
1521
1254
1159
1125
1862
1868
1766
1190
1988
1262
1152
1640
1674
1796
1594
1062
1445
1661
1067
1566
1526
2031
1401
1746
1222
1667
1205
1970
1822
1944
1931
1205
2009
1086
2037
1192
1258
1980
1738
1058
1152
1203
1891
1098
1154
1556
1350
1597
1940
1620
1580
1980
1802
1563
1238
1352
1346
1558
1599
1594
1549
1533
1274
1428
1109
1794
1770
1562
1686
1417
2010
1352
1110
1462
1250
1342
1906
1387
1764
1515
1180
1254
1867
1279
1135
1901
1151
1429
1750
1359
1683
1565
1062
1355
1884
1473
1045
1156
1650
1583
1428
1357
1773
1525
1099
1162
1164
1212
1126
1064
1418
1494
1210
1723
1025
1706
1913
1303
1350
1795
1162
1640
1530
1184
1170
1896
1459
1828
1402
1641
1149
1327
2037
1537
1745
1998
1315
1188
1030
1989
1935
1354
1192
1398
1832
1912
1295
1774
1113
1416
1158
1563
1791
1425
1780
1599
1926
1825
1061
1049
1668
1069
1146
1862
1834
1812
1356
1764
1402
1258
1806
1296
1940
1280
1910
1954
1561
1260
1341
1160
1113
1315
1239
1145
1788
1447
1167
1534
1921
1620
1662
1134
1090
1034
1220
1973
1484
1481
1769
1588
1553
1102
1202
1305
1225
1025
1378
1241
1186
1508
1603
1113
1204
1458
1350
1729
1425
1422
1179
1805
1751
1954
1137
1451
1962
1800
1466
1508
1025
1768
1341
1267
1385
1803
1462
1810
1985
1172
1168
